,ADWIN,CUSUM,DDM,HDDMAverage,HDDMWeighted,Prediction,Ground-Truth
24,0.0,0.0,1.0,0.0,0.0,0.0,0.0
25,0.0,0.0,0.0,0.0,0.0,0.0,0.0
26,0.0,0.0,1.0,0.0,0.0,0.0,0.0
29,0.0,0.0,1.0,0.0,1.0,0.0,0.0
30,0.0,0.0,1.0,0.0,0.0,0.0,0.0
37,2.0,0.0,1.0,0.0,1.0,0.0,0.0
38,0.0,0.0,1.0,1.0,1.0,0.0,0.0
39,0.0,0.0,1.0,0.0,1.0,0.0,0.0
40,0.0,0.0,1.0,1.0,1.0,0.0,0.0
41,0.0,0.0,1.0,1.0,2.0,1.0,0.0
42,0.0,0.0,0.0,0.0,0.0,0.0,0.0
106,0.0,0.0,1.0,0.0,0.0,0.0,0.0
107,0.0,0.0,0.0,0.0,0.0,0.0,0.0
108,0.0,0.0,1.0,0.0,0.0,0.0,0.0
111,0.0,0.0,0.0,0.0,0.0,0.0,0.0
1078,0.0,0.0,0.0,0.0,1.0,0.0,0.0
1079,0.0,0.0,0.0,0.0,0.0,0.0,0.0
1106,0.0,0.0,0.0,0.0,1.0,0.0,0.0
1107,0.0,0.0,0.0,0.0,0.0,0.0,0.0
1109,0.0,0.0,0.0,0.0,1.0,0.0,0.0
1110,0.0,0.0,0.0,0.0,0.0,0.0,0.0
1541,0.0,0.0,0.0,0.0,1.0,0.0,0.0
1542,0.0,0.0,0.0,0.0,0.0,0.0,0.0
1635,0.0,0.0,0.0,0.0,1.0,0.0,0.0
1636,0.0,0.0,0.0,0.0,0.0,0.0,0.0
2007,0.0,0.0,0.0,0.0,1.0,0.0,0.0
2008,0.0,0.0,0.0,0.0,0.0,0.0,0.0
2251,0.0,0.0,0.0,0.0,1.0,0.0,0.0
2253,0.0,0.0,0.0,0.0,0.0,0.0,0.0
2254,0.0,0.0,0.0,0.0,1.0,0.0,0.0
2257,0.0,0.0,0.0,0.0,2.0,0.0,0.0
2258,0.0,0.0,0.0,0.0,0.0,0.0,0.0
2759,0.0,0.0,0.0,0.0,1.0,0.0,0.0
2760,0.0,0.0,0.0,0.0,0.0,0.0,0.0
2765,0.0,0.0,0.0,0.0,1.0,0.0,0.0
2770,0.0,0.0,0.0,0.0,0.0,0.0,0.0
3389,0.0,0.0,0.0,0.0,1.0,0.0,0.0
3392,0.0,0.0,0.0,0.0,2.0,0.0,0.0
3393,0.0,0.0,0.0,0.0,0.0,0.0,0.0
3664,0.0,0.0,0.0,0.0,1.0,0.0,0.0
3666,0.0,0.0,0.0,0.0,0.0,0.0,0.0
4123,0.0,0.0,0.0,0.0,1.0,0.0,0.0
4127,0.0,0.0,0.0,0.0,0.0,0.0,0.0
5042,0.0,0.0,0.0,0.0,1.0,0.0,0.0
5044,0.0,0.0,0.0,0.0,0.0,0.0,0.0
5045,0.0,0.0,0.0,0.0,1.0,0.0,0.0
5046,0.0,0.0,0.0,0.0,0.0,0.0,0.0
7013,0.0,0.0,0.0,0.0,1.0,0.0,0.0
7014,0.0,0.0,0.0,0.0,0.0,0.0,0.0
7015,0.0,0.0,0.0,0.0,1.0,0.0,0.0
7018,0.0,0.0,0.0,0.0,2.0,0.0,0.0
7019,0.0,0.0,0.0,0.0,0.0,0.0,0.0
7091,0.0,0.0,0.0,1.0,0.0,1.0,0.0
7092,0.0,0.0,0.0,0.0,0.0,0.0,0.0
7395,0.0,0.0,1.0,0.0,0.0,0.0,0.0
7396,0.0,0.0,0.0,0.0,0.0,0.0,0.0
7397,0.0,0.0,1.0,0.0,0.0,0.0,0.0
7400,0.0,0.0,0.0,0.0,0.0,0.0,0.0
7401,0.0,0.0,1.0,0.0,0.0,0.0,0.0
7419,0.0,0.0,0.0,0.0,0.0,0.0,0.0
10765,0.0,0.0,0.0,1.0,0.0,0.0,0.0
10766,0.0,0.0,0.0,0.0,0.0,0.0,0.0
11000,0.0,0.0,0.0,0.0,0.0,0.0,1.0
11001,0.0,0.0,0.0,0.0,0.0,0.0,0.0
11405,0.0,0.0,0.0,0.0,1.0,0.0,0.0
11407,0.0,0.0,0.0,0.0,2.0,1.0,0.0
11408,0.0,0.0,0.0,0.0,0.0,0.0,0.0
11448,0.0,0.0,1.0,0.0,0.0,0.0,0.0
11449,0.0,0.0,0.0,0.0,0.0,0.0,0.0
11457,0.0,0.0,1.0,0.0,0.0,0.0,0.0
11459,0.0,0.0,0.0,0.0,0.0,0.0,0.0
11461,0.0,0.0,1.0,0.0,0.0,0.0,0.0
11462,0.0,0.0,0.0,0.0,0.0,0.0,0.0
11463,0.0,0.0,1.0,0.0,0.0,0.0,0.0
11503,0.0,0.0,2.0,0.0,0.0,0.0,0.0
11504,0.0,0.0,0.0,0.0,0.0,0.0,0.0
11624,0.0,0.0,1.0,0.0,0.0,0.0,0.0
11625,0.0,0.0,0.0,0.0,0.0,0.0,0.0
11627,0.0,0.0,1.0,0.0,0.0,0.0,0.0
11628,0.0,0.0,0.0,0.0,0.0,0.0,0.0
11632,0.0,0.0,1.0,0.0,0.0,0.0,0.0
11633,0.0,0.0,0.0,0.0,0.0,0.0,0.0
11634,0.0,0.0,1.0,0.0,0.0,0.0,0.0
11643,0.0,0.0,1.0,0.0,1.0,0.0,0.0
11644,0.0,0.0,1.0,0.0,0.0,0.0,0.0
11658,0.0,0.0,0.0,0.0,0.0,0.0,0.0
11664,0.0,0.0,1.0,0.0,0.0,0.0,0.0
11666,0.0,0.0,0.0,0.0,0.0,0.0,0.0
11685,0.0,0.0,1.0,0.0,0.0,0.0,0.0
11686,0.0,0.0,0.0,0.0,0.0,0.0,0.0
11922,0.0,0.0,1.0,0.0,0.0,0.0,0.0
11924,0.0,0.0,0.0,0.0,0.0,0.0,0.0
11927,0.0,0.0,1.0,0.0,0.0,0.0,0.0
11931,0.0,0.0,0.0,0.0,0.0,0.0,0.0
11937,0.0,0.0,1.0,0.0,0.0,0.0,0.0
11939,0.0,0.0,0.0,0.0,0.0,0.0,0.0
11948,0.0,0.0,1.0,0.0,0.0,0.0,0.0
11954,0.0,0.0,0.0,0.0,0.0,0.0,0.0
11955,0.0,0.0,1.0,0.0,0.0,0.0,0.0
11956,0.0,0.0,0.0,0.0,0.0,0.0,0.0
11960,0.0,0.0,1.0,0.0,0.0,0.0,0.0
12010,0.0,0.0,1.0,0.0,1.0,0.0,0.0
12011,0.0,0.0,1.0,0.0,0.0,0.0,0.0
12012,0.0,0.0,1.0,0.0,1.0,0.0,0.0
12013,0.0,0.0,1.0,0.0,0.0,0.0,0.0
12014,0.0,0.0,1.0,0.0,1.0,0.0,0.0
12015,0.0,0.0,1.0,0.0,0.0,0.0,0.0
12017,0.0,0.0,1.0,0.0,1.0,0.0,0.0
12018,0.0,0.0,1.0,0.0,0.0,0.0,0.0
12021,0.0,0.0,1.0,0.0,1.0,0.0,0.0
12022,0.0,0.0,1.0,0.0,0.0,0.0,0.0
12049,0.0,0.0,1.0,0.0,1.0,0.0,0.0
12050,0.0,0.0,1.0,0.0,0.0,0.0,0.0
12056,0.0,0.0,1.0,1.0,1.0,0.0,0.0
12058,0.0,0.0,1.0,1.0,2.0,1.0,0.0
12059,0.0,0.0,0.0,0.0,0.0,0.0,0.0
12096,0.0,0.0,1.0,0.0,0.0,0.0,0.0
12120,0.0,0.0,0.0,0.0,0.0,0.0,0.0
12121,0.0,0.0,1.0,0.0,0.0,0.0,0.0
12148,0.0,0.0,0.0,0.0,0.0,0.0,0.0
12149,0.0,0.0,1.0,0.0,0.0,0.0,0.0
12150,0.0,0.0,0.0,0.0,0.0,0.0,0.0
12977,0.0,0.0,0.0,0.0,1.0,0.0,0.0
12979,0.0,0.0,0.0,0.0,0.0,0.0,0.0
13100,0.0,0.0,0.0,0.0,1.0,0.0,0.0
13102,0.0,0.0,0.0,0.0,0.0,0.0,0.0
13803,0.0,0.0,0.0,0.0,1.0,0.0,0.0
13805,0.0,0.0,0.0,0.0,0.0,0.0,0.0
13972,0.0,0.0,0.0,0.0,1.0,0.0,0.0
13974,0.0,0.0,0.0,0.0,0.0,0.0,0.0
13976,0.0,0.0,0.0,0.0,1.0,0.0,0.0
13980,0.0,0.0,0.0,0.0,0.0,0.0,0.0
14376,0.0,0.0,0.0,0.0,1.0,0.0,0.0
14377,0.0,0.0,0.0,0.0,0.0,0.0,0.0
14441,0.0,0.0,0.0,0.0,1.0,0.0,0.0
14444,0.0,0.0,0.0,0.0,2.0,0.0,0.0
14445,0.0,0.0,0.0,0.0,0.0,0.0,0.0
15006,0.0,0.0,0.0,0.0,1.0,0.0,0.0
15008,0.0,0.0,0.0,0.0,0.0,0.0,0.0
15015,0.0,0.0,0.0,0.0,1.0,0.0,0.0
15016,0.0,0.0,0.0,0.0,0.0,0.0,0.0
15063,0.0,0.0,0.0,0.0,1.0,0.0,0.0
15064,0.0,0.0,0.0,0.0,0.0,0.0,0.0
15066,0.0,0.0,0.0,0.0,1.0,0.0,0.0
15067,0.0,0.0,0.0,0.0,0.0,0.0,0.0
15069,0.0,0.0,0.0,0.0,1.0,0.0,0.0
15070,0.0,0.0,0.0,0.0,0.0,0.0,0.0
15072,0.0,0.0,0.0,0.0,1.0,0.0,0.0
15073,0.0,0.0,0.0,0.0,0.0,0.0,0.0
15258,0.0,0.0,0.0,0.0,1.0,0.0,0.0
15259,0.0,0.0,0.0,0.0,0.0,0.0,0.0
15525,0.0,0.0,0.0,0.0,1.0,0.0,0.0
15526,0.0,0.0,0.0,0.0,0.0,0.0,0.0
15601,0.0,0.0,0.0,0.0,1.0,0.0,0.0
15602,0.0,0.0,0.0,0.0,0.0,0.0,0.0
15631,0.0,0.0,0.0,0.0,1.0,0.0,0.0
15632,0.0,0.0,0.0,0.0,0.0,0.0,0.0
15871,0.0,0.0,0.0,0.0,1.0,0.0,0.0
15876,0.0,0.0,0.0,0.0,0.0,0.0,0.0
15880,0.0,0.0,0.0,0.0,1.0,0.0,0.0
15881,0.0,0.0,0.0,0.0,0.0,0.0,0.0
15883,0.0,0.0,0.0,0.0,1.0,0.0,0.0
15884,0.0,0.0,0.0,0.0,0.0,0.0,0.0
15894,0.0,0.0,0.0,0.0,1.0,0.0,0.0
15895,0.0,0.0,0.0,0.0,0.0,0.0,0.0
15955,0.0,0.0,0.0,0.0,1.0,0.0,0.0
15956,0.0,0.0,0.0,0.0,0.0,0.0,0.0
16300,0.0,0.0,0.0,0.0,1.0,0.0,0.0
16301,0.0,0.0,0.0,1.0,1.0,0.0,0.0
16305,0.0,0.0,0.0,1.0,2.0,1.0,0.0
16306,0.0,0.0,0.0,0.0,0.0,0.0,0.0
21978,0.0,0.0,0.0,0.0,1.0,0.0,0.0
21982,0.0,0.0,0.0,0.0,2.0,0.0,0.0
21983,0.0,0.0,0.0,0.0,0.0,0.0,0.0
23000,0.0,0.0,0.0,0.0,0.0,0.0,1.0
23001,0.0,0.0,0.0,0.0,0.0,0.0,0.0
23144,0.0,0.0,0.0,0.0,1.0,0.0,0.0
23145,0.0,0.0,0.0,0.0,0.0,0.0,0.0
23448,0.0,0.0,0.0,0.0,1.0,0.0,0.0
23449,0.0,0.0,0.0,0.0,2.0,0.0,0.0
23450,0.0,0.0,0.0,0.0,0.0,0.0,0.0
23601,2.0,0.0,0.0,0.0,0.0,1.0,0.0
23602,0.0,0.0,0.0,0.0,0.0,0.0,0.0
23835,0.0,0.0,1.0,0.0,0.0,0.0,0.0
23836,0.0,0.0,1.0,0.0,1.0,0.0,0.0
23839,0.0,0.0,1.0,1.0,2.0,1.0,0.0
23840,0.0,0.0,0.0,0.0,0.0,0.0,0.0
25591,0.0,0.0,0.0,0.0,1.0,0.0,0.0
25594,0.0,0.0,0.0,0.0,2.0,0.0,0.0
25595,0.0,0.0,0.0,0.0,0.0,0.0,0.0
25612,0.0,0.0,0.0,1.0,0.0,1.0,0.0
25613,0.0,0.0,0.0,0.0,0.0,0.0,0.0
25667,0.0,0.0,1.0,0.0,0.0,0.0,0.0
25668,0.0,0.0,0.0,0.0,0.0,0.0,0.0
26768,0.0,0.0,0.0,0.0,1.0,0.0,0.0
26770,0.0,0.0,0.0,0.0,0.0,0.0,0.0
26771,0.0,0.0,0.0,0.0,1.0,0.0,0.0
26772,0.0,0.0,0.0,0.0,0.0,0.0,0.0
27020,0.0,0.0,0.0,0.0,1.0,0.0,0.0
27021,0.0,0.0,0.0,0.0,0.0,0.0,0.0
27029,0.0,0.0,0.0,0.0,1.0,0.0,0.0
27030,0.0,0.0,0.0,0.0,0.0,0.0,0.0
27032,0.0,0.0,0.0,0.0,1.0,0.0,0.0
27036,0.0,0.0,0.0,0.0,0.0,0.0,0.0
27579,0.0,0.0,0.0,0.0,1.0,0.0,0.0
27582,0.0,0.0,0.0,0.0,0.0,0.0,0.0
27583,0.0,0.0,0.0,0.0,1.0,0.0,0.0
27584,0.0,0.0,0.0,0.0,0.0,0.0,0.0
27862,0.0,0.0,0.0,0.0,1.0,0.0,0.0
27864,0.0,0.0,0.0,0.0,0.0,0.0,0.0
27865,0.0,0.0,0.0,0.0,1.0,0.0,0.0
27872,0.0,0.0,0.0,0.0,2.0,0.0,0.0
27873,0.0,0.0,0.0,0.0,0.0,0.0,0.0
28077,0.0,0.0,1.0,0.0,0.0,0.0,0.0
28078,0.0,0.0,0.0,0.0,0.0,0.0,0.0
28083,0.0,0.0,1.0,0.0,0.0,0.0,0.0
28093,0.0,0.0,1.0,1.0,0.0,1.0,0.0
28094,0.0,0.0,0.0,0.0,0.0,0.0,0.0
28131,0.0,0.0,0.0,1.0,0.0,0.0,0.0
28132,0.0,0.0,1.0,1.0,0.0,0.0,0.0
28133,0.0,0.0,0.0,1.0,0.0,0.0,0.0
28134,0.0,0.0,0.0,0.0,0.0,0.0,0.0
28538,0.0,0.0,0.0,0.0,1.0,0.0,0.0
28544,0.0,0.0,0.0,0.0,2.0,1.0,0.0
28545,0.0,0.0,0.0,0.0,0.0,0.0,0.0
28598,0.0,0.0,1.0,0.0,0.0,0.0,0.0
28617,0.0,0.0,0.0,0.0,0.0,0.0,0.0
28885,0.0,0.0,0.0,1.0,0.0,0.0,0.0
28888,0.0,0.0,0.0,0.0,0.0,0.0,0.0
28889,0.0,0.0,0.0,1.0,0.0,0.0,0.0
28892,0.0,0.0,0.0,2.0,0.0,1.0,0.0
28893,0.0,0.0,0.0,0.0,0.0,0.0,0.0
31690,0.0,0.0,0.0,0.0,1.0,0.0,0.0
31691,0.0,0.0,0.0,0.0,0.0,0.0,0.0
31692,0.0,0.0,0.0,0.0,1.0,0.0,0.0
31696,0.0,0.0,0.0,0.0,0.0,0.0,0.0
31697,0.0,0.0,0.0,0.0,1.0,0.0,0.0
31698,0.0,0.0,0.0,0.0,0.0,0.0,0.0
35000,0.0,0.0,0.0,0.0,0.0,0.0,1.0
35001,0.0,0.0,0.0,0.0,0.0,0.0,0.0
35429,0.0,0.0,0.0,0.0,1.0,0.0,0.0
35432,0.0,0.0,0.0,0.0,0.0,0.0,0.0
35433,0.0,0.0,0.0,0.0,1.0,0.0,0.0
35434,0.0,0.0,0.0,0.0,0.0,0.0,0.0
35436,0.0,0.0,0.0,0.0,1.0,0.0,0.0
35437,0.0,0.0,0.0,0.0,0.0,0.0,0.0
35505,0.0,0.0,0.0,0.0,1.0,0.0,0.0
35506,0.0,0.0,0.0,0.0,0.0,0.0,0.0
35569,0.0,0.0,0.0,1.0,0.0,0.0,0.0
35570,0.0,0.0,0.0,0.0,0.0,0.0,0.0
35571,0.0,0.0,0.0,1.0,0.0,0.0,0.0
35574,0.0,0.0,0.0,0.0,0.0,0.0,0.0
35592,0.0,0.0,0.0,1.0,0.0,0.0,0.0
35607,0.0,0.0,0.0,0.0,0.0,0.0,0.0
35613,0.0,0.0,0.0,1.0,0.0,0.0,0.0
35615,0.0,0.0,0.0,0.0,0.0,0.0,0.0
35616,0.0,0.0,0.0,1.0,0.0,0.0,0.0
35631,0.0,0.0,0.0,1.0,1.0,0.0,0.0
35632,0.0,0.0,0.0,1.0,0.0,0.0,0.0
35633,0.0,0.0,0.0,2.0,1.0,1.0,0.0
35634,0.0,0.0,0.0,0.0,0.0,0.0,0.0
35708,0.0,0.0,1.0,0.0,0.0,0.0,0.0
35714,0.0,0.0,0.0,0.0,0.0,0.0,0.0
35715,0.0,0.0,1.0,0.0,0.0,0.0,0.0
35717,0.0,0.0,0.0,0.0,0.0,0.0,0.0
35719,0.0,0.0,1.0,0.0,0.0,0.0,0.0
35800,0.0,0.0,2.0,0.0,0.0,0.0,0.0
35801,0.0,0.0,0.0,0.0,0.0,0.0,0.0
35847,0.0,0.0,1.0,0.0,0.0,0.0,0.0
35848,0.0,0.0,0.0,0.0,0.0,0.0,0.0
35853,0.0,0.0,1.0,0.0,0.0,0.0,0.0
35855,0.0,0.0,0.0,0.0,0.0,0.0,0.0
36072,0.0,0.0,0.0,0.0,1.0,0.0,0.0
36073,0.0,0.0,0.0,0.0,0.0,0.0,0.0
36075,0.0,0.0,0.0,0.0,1.0,0.0,0.0
36076,0.0,0.0,0.0,0.0,0.0,0.0,0.0
36077,0.0,0.0,0.0,0.0,1.0,0.0,0.0
36078,0.0,0.0,0.0,0.0,0.0,0.0,0.0
36082,0.0,0.0,0.0,0.0,1.0,0.0,0.0
36083,0.0,0.0,0.0,0.0,0.0,0.0,0.0
36112,0.0,0.0,0.0,0.0,1.0,0.0,0.0
36114,0.0,0.0,1.0,0.0,1.0,0.0,0.0
36115,0.0,0.0,0.0,0.0,1.0,0.0,0.0
36116,0.0,0.0,1.0,0.0,1.0,0.0,0.0
36117,0.0,0.0,0.0,0.0,1.0,0.0,0.0
36118,0.0,0.0,1.0,0.0,1.0,0.0,0.0
36122,0.0,0.0,1.0,0.0,0.0,0.0,0.0
36125,0.0,0.0,1.0,0.0,1.0,0.0,0.0
36128,0.0,0.0,1.0,0.0,0.0,0.0,0.0
36134,0.0,0.0,0.0,0.0,0.0,0.0,0.0
36137,0.0,0.0,1.0,0.0,0.0,0.0,0.0
36166,0.0,0.0,1.0,0.0,1.0,0.0,0.0
36167,0.0,0.0,1.0,0.0,0.0,0.0,0.0
36192,0.0,0.0,1.0,0.0,1.0,0.0,0.0
36193,0.0,0.0,1.0,0.0,0.0,0.0,0.0
36233,0.0,0.0,1.0,0.0,1.0,0.0,0.0
36235,0.0,0.0,1.0,0.0,0.0,0.0,0.0
36253,0.0,0.0,1.0,1.0,1.0,0.0,0.0
36257,0.0,0.0,1.0,1.0,0.0,0.0,0.0
36258,0.0,0.0,1.0,1.0,1.0,0.0,0.0
36259,0.0,0.0,1.0,1.0,0.0,0.0,0.0
36260,0.0,0.0,1.0,1.0,1.0,0.0,0.0
36265,0.0,0.0,1.0,1.0,0.0,0.0,0.0
36266,0.0,0.0,1.0,1.0,1.0,0.0,0.0
36267,0.0,0.0,1.0,1.0,0.0,0.0,0.0
36272,0.0,0.0,1.0,0.0,0.0,0.0,0.0
36273,0.0,0.0,1.0,1.0,0.0,0.0,0.0
36274,0.0,0.0,1.0,0.0,0.0,0.0,0.0
36275,0.0,0.0,1.0,1.0,0.0,0.0,0.0
36276,0.0,0.0,1.0,0.0,0.0,0.0,0.0
36446,0.0,0.0,0.0,0.0,0.0,0.0,0.0
36454,0.0,0.0,1.0,0.0,0.0,0.0,0.0
36455,0.0,0.0,0.0,0.0,0.0,0.0,0.0
36473,0.0,0.0,1.0,0.0,0.0,0.0,0.0
36474,0.0,0.0,0.0,0.0,0.0,0.0,0.0
36477,0.0,0.0,1.0,0.0,0.0,0.0,0.0
36478,0.0,0.0,0.0,0.0,0.0,0.0,0.0
36479,0.0,0.0,1.0,0.0,0.0,0.0,0.0
36480,0.0,0.0,0.0,0.0,0.0,0.0,0.0
36481,0.0,0.0,1.0,0.0,0.0,0.0,0.0
36482,0.0,0.0,0.0,0.0,0.0,0.0,0.0
36487,0.0,0.0,1.0,0.0,0.0,0.0,0.0
36501,0.0,0.0,0.0,0.0,0.0,0.0,0.0
36502,0.0,0.0,1.0,0.0,0.0,0.0,0.0
36509,0.0,0.0,1.0,0.0,1.0,0.0,0.0
36512,0.0,0.0,1.0,0.0,2.0,1.0,0.0
36513,0.0,0.0,0.0,0.0,0.0,0.0,0.0
37252,0.0,0.0,0.0,0.0,1.0,0.0,0.0
37254,0.0,0.0,0.0,0.0,0.0,0.0,0.0
37467,0.0,0.0,0.0,0.0,1.0,0.0,0.0
37468,0.0,0.0,0.0,0.0,0.0,0.0,0.0
37470,0.0,0.0,0.0,0.0,1.0,0.0,0.0
37473,0.0,0.0,0.0,0.0,0.0,0.0,0.0
37474,0.0,0.0,0.0,0.0,1.0,0.0,0.0
37475,0.0,0.0,0.0,0.0,0.0,0.0,0.0
37477,0.0,0.0,0.0,0.0,1.0,0.0,0.0
37478,0.0,0.0,0.0,0.0,0.0,0.0,0.0
37480,0.0,0.0,0.0,0.0,1.0,0.0,0.0
37481,0.0,0.0,0.0,0.0,0.0,0.0,0.0
37509,0.0,0.0,1.0,0.0,0.0,0.0,0.0
37512,0.0,0.0,0.0,0.0,0.0,0.0,0.0
37513,0.0,0.0,1.0,0.0,0.0,0.0,0.0
37522,0.0,0.0,0.0,0.0,0.0,0.0,0.0
37525,0.0,0.0,1.0,0.0,0.0,0.0,0.0
37528,0.0,0.0,0.0,0.0,0.0,0.0,0.0
37529,0.0,0.0,1.0,0.0,0.0,0.0,0.0
37532,0.0,0.0,0.0,0.0,0.0,0.0,0.0
37535,0.0,0.0,1.0,0.0,0.0,0.0,0.0
37536,0.0,0.0,0.0,0.0,0.0,0.0,0.0
37537,0.0,0.0,1.0,0.0,0.0,0.0,0.0
37542,0.0,0.0,0.0,0.0,0.0,0.0,0.0
37545,0.0,0.0,1.0,0.0,0.0,0.0,0.0
37548,0.0,0.0,0.0,0.0,0.0,0.0,0.0
37802,0.0,0.0,1.0,0.0,0.0,0.0,0.0
37807,0.0,0.0,0.0,0.0,0.0,0.0,0.0
37810,0.0,0.0,1.0,0.0,0.0,0.0,0.0
37811,0.0,0.0,0.0,0.0,0.0,0.0,0.0
37834,0.0,0.0,1.0,0.0,0.0,0.0,0.0
37835,0.0,0.0,0.0,0.0,0.0,0.0,0.0
37836,0.0,0.0,1.0,0.0,0.0,0.0,0.0
37837,0.0,0.0,0.0,0.0,0.0,0.0,0.0
37846,0.0,0.0,1.0,0.0,0.0,0.0,0.0
37847,0.0,0.0,0.0,0.0,0.0,0.0,0.0
37848,0.0,0.0,1.0,0.0,0.0,0.0,0.0
37849,0.0,0.0,0.0,0.0,0.0,0.0,0.0
38075,0.0,0.0,1.0,0.0,0.0,0.0,0.0
38078,0.0,0.0,0.0,0.0,0.0,0.0,0.0
38731,0.0,0.0,1.0,0.0,0.0,0.0,0.0
38732,0.0,0.0,0.0,0.0,0.0,0.0,0.0
38739,0.0,0.0,1.0,0.0,0.0,0.0,0.0
38803,0.0,0.0,0.0,0.0,0.0,0.0,0.0
38806,0.0,0.0,1.0,0.0,0.0,0.0,0.0
38813,0.0,0.0,0.0,0.0,0.0,0.0,0.0
38816,0.0,0.0,1.0,0.0,0.0,0.0,0.0
39834,0.0,0.0,0.0,0.0,0.0,0.0,0.0
39920,0.0,0.0,1.0,0.0,0.0,0.0,0.0
39921,0.0,0.0,0.0,0.0,0.0,0.0,0.0
39922,0.0,0.0,1.0,0.0,0.0,0.0,0.0
39923,0.0,0.0,0.0,0.0,0.0,0.0,0.0
39924,0.0,0.0,1.0,0.0,0.0,0.0,0.0
39931,0.0,0.0,1.0,0.0,1.0,0.0,0.0
39932,0.0,0.0,1.0,0.0,0.0,0.0,0.0
40051,0.0,0.0,0.0,0.0,0.0,0.0,0.0
40113,0.0,0.0,1.0,0.0,0.0,0.0,0.0
40114,0.0,0.0,0.0,0.0,0.0,0.0,0.0
40127,0.0,0.0,1.0,0.0,0.0,0.0,0.0
40136,0.0,0.0,0.0,0.0,0.0,0.0,0.0
40137,0.0,0.0,1.0,0.0,0.0,0.0,0.0
40138,0.0,0.0,0.0,0.0,0.0,0.0,0.0
40139,0.0,0.0,1.0,0.0,0.0,0.0,0.0
40146,0.0,0.0,0.0,0.0,0.0,0.0,0.0
40147,0.0,0.0,1.0,0.0,0.0,0.0,0.0
40150,0.0,0.0,0.0,0.0,0.0,0.0,0.0
40157,0.0,0.0,1.0,0.0,0.0,0.0,0.0
40160,0.0,0.0,0.0,0.0,0.0,0.0,0.0
40179,0.0,0.0,1.0,0.0,0.0,0.0,0.0
40184,0.0,0.0,0.0,0.0,0.0,0.0,0.0
40185,0.0,0.0,1.0,0.0,0.0,0.0,0.0
40192,0.0,0.0,0.0,0.0,0.0,0.0,0.0
40195,0.0,0.0,1.0,0.0,0.0,0.0,0.0
40200,0.0,0.0,0.0,0.0,0.0,0.0,0.0
40201,0.0,0.0,1.0,0.0,0.0,0.0,0.0
41388,0.0,0.0,0.0,0.0,0.0,0.0,0.0
41497,0.0,0.0,0.0,0.0,1.0,0.0,0.0
41499,0.0,0.0,0.0,0.0,2.0,0.0,0.0
41500,0.0,0.0,0.0,0.0,0.0,0.0,0.0
41822,0.0,0.0,0.0,0.0,1.0,0.0,0.0
41825,0.0,0.0,0.0,0.0,0.0,0.0,0.0
41826,0.0,0.0,0.0,0.0,1.0,0.0,0.0
41830,0.0,0.0,0.0,0.0,0.0,0.0,0.0
41834,0.0,0.0,0.0,0.0,1.0,0.0,0.0
41836,0.0,0.0,0.0,0.0,0.0,0.0,0.0
43294,0.0,0.0,0.0,1.0,0.0,0.0,0.0
43295,0.0,0.0,0.0,0.0,0.0,0.0,0.0
44693,0.0,0.0,0.0,1.0,0.0,0.0,0.0
44694,0.0,0.0,0.0,0.0,0.0,0.0,0.0
44776,0.0,0.0,0.0,0.0,1.0,0.0,0.0
44781,0.0,0.0,0.0,0.0,0.0,0.0,0.0
44782,0.0,0.0,0.0,0.0,1.0,0.0,0.0
44785,0.0,0.0,0.0,0.0,2.0,1.0,0.0
44786,0.0,0.0,0.0,0.0,0.0,0.0,0.0
45041,0.0,0.0,1.0,0.0,0.0,0.0,0.0
45057,0.0,0.0,0.0,0.0,0.0,0.0,0.0
45070,0.0,0.0,1.0,0.0,0.0,0.0,0.0
45071,0.0,0.0,0.0,0.0,0.0,0.0,0.0
45078,0.0,0.0,1.0,0.0,0.0,0.0,0.0
45080,0.0,0.0,0.0,0.0,0.0,0.0,0.0
45088,0.0,0.0,1.0,0.0,0.0,0.0,0.0
45089,0.0,0.0,0.0,0.0,0.0,0.0,0.0
45101,0.0,0.0,1.0,0.0,0.0,0.0,0.0
45102,0.0,0.0,0.0,0.0,0.0,0.0,0.0
45152,0.0,0.0,1.0,0.0,0.0,0.0,0.0
45169,0.0,0.0,1.0,0.0,1.0,0.0,0.0
45172,0.0,0.0,1.0,0.0,0.0,0.0,0.0
45527,0.0,0.0,0.0,0.0,0.0,0.0,0.0
45528,0.0,0.0,1.0,0.0,0.0,0.0,0.0
45531,0.0,0.0,0.0,0.0,0.0,0.0,0.0
45542,0.0,0.0,1.0,0.0,0.0,0.0,0.0
45545,0.0,0.0,0.0,0.0,0.0,0.0,0.0
45546,0.0,0.0,1.0,0.0,0.0,0.0,0.0
45549,0.0,0.0,0.0,0.0,0.0,0.0,0.0
45557,0.0,0.0,1.0,0.0,0.0,0.0,0.0
45729,0.0,0.0,1.0,0.0,1.0,0.0,0.0
45732,0.0,0.0,1.0,0.0,0.0,0.0,0.0
45939,0.0,0.0,1.0,0.0,1.0,0.0,0.0
45940,0.0,0.0,1.0,0.0,0.0,0.0,0.0
45941,0.0,0.0,1.0,0.0,1.0,0.0,0.0
45942,0.0,0.0,1.0,0.0,0.0,0.0,0.0
46212,0.0,0.0,0.0,0.0,0.0,0.0,0.0
46224,0.0,0.0,1.0,0.0,0.0,0.0,0.0
46377,0.0,0.0,0.0,0.0,0.0,0.0,0.0
46436,0.0,0.0,1.0,0.0,0.0,0.0,0.0
46527,0.0,0.0,0.0,0.0,0.0,0.0,0.0
47000,0.0,0.0,0.0,0.0,0.0,0.0,1.0
47001,0.0,0.0,0.0,0.0,0.0,0.0,0.0
47406,0.0,0.0,0.0,0.0,1.0,0.0,0.0
47407,0.0,0.0,0.0,0.0,0.0,0.0,0.0
47408,0.0,0.0,0.0,0.0,1.0,0.0,0.0
47412,0.0,0.0,0.0,0.0,0.0,0.0,0.0
47425,0.0,0.0,0.0,0.0,1.0,0.0,0.0
47427,0.0,0.0,0.0,0.0,2.0,0.0,0.0
47428,0.0,0.0,0.0,0.0,0.0,0.0,0.0
47458,0.0,0.0,1.0,1.0,0.0,1.0,0.0
47459,0.0,0.0,0.0,0.0,0.0,0.0,0.0
47789,0.0,0.0,0.0,0.0,1.0,0.0,0.0
47790,0.0,0.0,0.0,0.0,0.0,0.0,0.0
47831,0.0,0.0,1.0,0.0,0.0,0.0,0.0
47832,0.0,0.0,0.0,0.0,0.0,0.0,0.0
47833,0.0,0.0,1.0,0.0,0.0,0.0,0.0
48007,0.0,0.0,1.0,0.0,1.0,0.0,0.0
48012,0.0,0.0,1.0,0.0,2.0,0.0,0.0
48013,0.0,0.0,1.0,0.0,0.0,0.0,0.0
48025,0.0,0.0,2.0,0.0,0.0,0.0,0.0
48026,0.0,0.0,0.0,0.0,0.0,0.0,0.0
48189,0.0,0.0,0.0,1.0,0.0,1.0,0.0
48190,0.0,0.0,0.0,0.0,0.0,0.0,0.0
48816,0.0,0.0,0.0,0.0,1.0,0.0,0.0
48824,0.0,0.0,0.0,0.0,2.0,0.0,0.0
48825,0.0,0.0,0.0,0.0,0.0,0.0,0.0
48842,0.0,0.0,1.0,0.0,0.0,0.0,0.0
48849,0.0,0.0,0.0,0.0,0.0,0.0,0.0
48852,0.0,0.0,1.0,0.0,0.0,0.0,0.0
48853,0.0,0.0,0.0,0.0,0.0,0.0,0.0
48855,0.0,0.0,1.0,0.0,0.0,0.0,0.0
48856,0.0,0.0,0.0,0.0,0.0,0.0,0.0
48887,0.0,0.0,1.0,0.0,0.0,0.0,0.0
48888,0.0,0.0,0.0,0.0,0.0,0.0,0.0
48912,0.0,0.0,1.0,0.0,0.0,0.0,0.0
48913,0.0,0.0,0.0,0.0,0.0,0.0,0.0
48921,0.0,0.0,1.0,0.0,0.0,0.0,0.0
48922,0.0,0.0,0.0,0.0,0.0,0.0,0.0
48925,0.0,0.0,1.0,0.0,0.0,0.0,0.0
48930,0.0,0.0,0.0,0.0,0.0,0.0,0.0
48934,0.0,0.0,1.0,0.0,0.0,0.0,0.0
48935,0.0,0.0,0.0,0.0,0.0,0.0,0.0
49624,0.0,0.0,0.0,0.0,1.0,0.0,0.0
49627,0.0,0.0,0.0,0.0,2.0,0.0,0.0
49628,0.0,0.0,0.0,0.0,0.0,0.0,0.0
50093,0.0,0.0,0.0,0.0,1.0,0.0,0.0
50094,0.0,0.0,0.0,0.0,0.0,0.0,0.0
50210,0.0,0.0,0.0,0.0,1.0,0.0,0.0
50211,0.0,0.0,0.0,0.0,0.0,0.0,0.0
50386,0.0,0.0,0.0,0.0,1.0,0.0,0.0
50389,0.0,0.0,0.0,0.0,2.0,0.0,0.0
50390,0.0,0.0,0.0,0.0,0.0,0.0,0.0
50614,0.0,0.0,0.0,0.0,1.0,0.0,0.0
50616,0.0,0.0,0.0,0.0,0.0,0.0,0.0
50658,0.0,0.0,0.0,0.0,1.0,0.0,0.0
50659,0.0,0.0,0.0,0.0,0.0,0.0,0.0
50864,0.0,0.0,0.0,0.0,1.0,0.0,0.0
50865,0.0,0.0,0.0,0.0,0.0,0.0,0.0
50898,0.0,0.0,0.0,0.0,1.0,0.0,0.0
50904,0.0,0.0,0.0,0.0,0.0,0.0,0.0
50905,0.0,0.0,0.0,0.0,1.0,0.0,0.0
50908,0.0,0.0,0.0,0.0,2.0,0.0,0.0
50909,0.0,0.0,0.0,0.0,0.0,0.0,0.0
50912,0.0,0.0,0.0,1.0,0.0,1.0,0.0
50913,0.0,0.0,0.0,0.0,0.0,0.0,0.0
50969,0.0,0.0,1.0,0.0,0.0,0.0,0.0
50976,0.0,0.0,0.0,0.0,0.0,0.0,0.0
50978,0.0,0.0,1.0,0.0,0.0,0.0,0.0
50988,0.0,0.0,2.0,0.0,0.0,0.0,0.0
50989,0.0,0.0,0.0,0.0,0.0,0.0,0.0
51036,0.0,0.0,0.0,1.0,0.0,0.0,0.0
51037,0.0,0.0,0.0,0.0,0.0,0.0,0.0
51038,0.0,0.0,0.0,1.0,0.0,0.0,0.0
51046,0.0,0.0,0.0,0.0,0.0,0.0,0.0
51047,0.0,0.0,0.0,1.0,0.0,0.0,0.0
51059,0.0,0.0,0.0,0.0,0.0,0.0,0.0
51060,0.0,0.0,0.0,1.0,0.0,0.0,0.0
51061,0.0,0.0,0.0,0.0,0.0,0.0,0.0
51062,0.0,0.0,0.0,1.0,0.0,0.0,0.0
51063,0.0,0.0,0.0,0.0,0.0,0.0,0.0
51064,0.0,0.0,0.0,1.0,0.0,0.0,0.0
51081,0.0,0.0,0.0,0.0,0.0,0.0,0.0
51387,0.0,0.0,0.0,1.0,0.0,0.0,0.0
51388,0.0,0.0,0.0,1.0,1.0,0.0,0.0
51389,0.0,0.0,0.0,1.0,0.0,0.0,0.0
51392,0.0,0.0,0.0,0.0,0.0,0.0,0.0
51393,0.0,0.0,0.0,1.0,0.0,0.0,0.0
51397,0.0,0.0,0.0,1.0,1.0,0.0,0.0
51398,0.0,0.0,0.0,1.0,0.0,0.0,0.0
51403,0.0,0.0,0.0,0.0,0.0,0.0,0.0
51404,0.0,0.0,0.0,1.0,0.0,0.0,0.0
51405,0.0,0.0,0.0,0.0,0.0,0.0,0.0
51406,0.0,0.0,0.0,1.0,0.0,0.0,0.0
51409,0.0,0.0,0.0,0.0,0.0,0.0,0.0
51451,0.0,0.0,0.0,1.0,0.0,0.0,0.0
51452,0.0,0.0,0.0,0.0,0.0,0.0,0.0
51466,0.0,0.0,0.0,1.0,0.0,0.0,0.0
51486,0.0,0.0,0.0,0.0,0.0,0.0,0.0
51487,0.0,0.0,0.0,1.0,0.0,0.0,0.0
51488,0.0,0.0,0.0,0.0,0.0,0.0,0.0
51492,0.0,0.0,0.0,1.0,0.0,0.0,0.0
51493,0.0,0.0,0.0,0.0,0.0,0.0,0.0
51897,0.0,0.0,0.0,1.0,0.0,0.0,0.0
51898,0.0,0.0,0.0,0.0,0.0,0.0,0.0
51899,0.0,0.0,0.0,1.0,0.0,0.0,0.0
51900,0.0,0.0,0.0,0.0,0.0,0.0,0.0
51901,0.0,0.0,0.0,1.0,0.0,0.0,0.0
51905,0.0,0.0,0.0,0.0,0.0,0.0,0.0
52739,0.0,0.0,0.0,0.0,1.0,0.0,0.0
52740,0.0,0.0,0.0,0.0,0.0,0.0,0.0
59000,0.0,0.0,0.0,0.0,0.0,0.0,1.0
59001,0.0,0.0,0.0,0.0,0.0,0.0,0.0
59013,0.0,0.0,0.0,0.0,1.0,0.0,0.0
59015,0.0,0.0,0.0,0.0,0.0,0.0,0.0
59348,0.0,0.0,0.0,0.0,1.0,0.0,0.0
59349,0.0,0.0,0.0,0.0,0.0,0.0,0.0
59350,0.0,0.0,0.0,0.0,1.0,0.0,0.0
59351,0.0,0.0,0.0,0.0,0.0,0.0,0.0
59352,0.0,0.0,0.0,0.0,1.0,0.0,0.0
59353,0.0,0.0,0.0,0.0,2.0,0.0,0.0
59354,0.0,0.0,0.0,0.0,0.0,0.0,0.0
59432,0.0,0.0,0.0,1.0,0.0,1.0,0.0
59433,0.0,0.0,0.0,0.0,0.0,0.0,0.0
59468,0.0,0.0,1.0,0.0,0.0,0.0,0.0
59469,0.0,0.0,0.0,0.0,0.0,0.0,0.0
59475,0.0,0.0,1.0,0.0,0.0,0.0,0.0
59485,0.0,0.0,0.0,0.0,0.0,0.0,0.0
59487,0.0,0.0,1.0,0.0,0.0,0.0,0.0
59501,0.0,0.0,2.0,0.0,0.0,0.0,0.0
59502,0.0,0.0,0.0,0.0,0.0,0.0,0.0
59538,0.0,0.0,1.0,0.0,0.0,0.0,0.0
59541,0.0,0.0,0.0,0.0,0.0,0.0,0.0
59543,0.0,0.0,1.0,0.0,0.0,0.0,0.0
59544,0.0,0.0,0.0,0.0,0.0,0.0,0.0
59547,0.0,0.0,1.0,0.0,0.0,0.0,0.0
59552,0.0,0.0,0.0,0.0,0.0,0.0,0.0
59558,0.0,0.0,1.0,0.0,0.0,0.0,0.0
59559,0.0,0.0,0.0,0.0,0.0,0.0,0.0
59561,0.0,0.0,1.0,0.0,0.0,0.0,0.0
59562,0.0,0.0,0.0,0.0,0.0,0.0,0.0
59674,0.0,0.0,1.0,0.0,0.0,0.0,0.0
59676,0.0,0.0,0.0,0.0,0.0,0.0,0.0
59678,0.0,0.0,1.0,0.0,0.0,0.0,0.0
59851,0.0,0.0,1.0,0.0,1.0,0.0,0.0
59855,0.0,0.0,1.0,0.0,2.0,0.0,0.0
59856,0.0,0.0,1.0,0.0,0.0,0.0,0.0
59930,0.0,0.0,2.0,0.0,0.0,0.0,0.0
59931,0.0,0.0,0.0,0.0,0.0,0.0,0.0
59992,0.0,0.0,1.0,0.0,0.0,0.0,0.0
60200,0.0,0.0,0.0,0.0,0.0,0.0,0.0
60201,0.0,0.0,1.0,0.0,0.0,0.0,0.0
60202,0.0,0.0,0.0,0.0,0.0,0.0,0.0
60205,0.0,0.0,1.0,0.0,0.0,0.0,0.0
60207,0.0,0.0,0.0,0.0,0.0,0.0,0.0
60208,0.0,0.0,1.0,0.0,0.0,0.0,0.0
60209,0.0,0.0,0.0,0.0,0.0,0.0,0.0
60215,0.0,0.0,1.0,0.0,0.0,0.0,0.0
60313,0.0,0.0,0.0,0.0,0.0,0.0,0.0
60316,0.0,0.0,1.0,0.0,0.0,0.0,0.0
60335,0.0,0.0,0.0,0.0,0.0,0.0,0.0
60339,0.0,0.0,1.0,0.0,0.0,0.0,0.0
60342,0.0,0.0,0.0,0.0,0.0,0.0,0.0
60383,0.0,0.0,1.0,0.0,0.0,0.0,0.0
60384,0.0,0.0,0.0,0.0,0.0,0.0,0.0
60385,0.0,0.0,1.0,0.0,0.0,0.0,0.0
60386,0.0,0.0,0.0,0.0,0.0,0.0,0.0
60387,0.0,0.0,1.0,0.0,0.0,0.0,0.0
60388,0.0,0.0,0.0,0.0,0.0,0.0,0.0
60389,0.0,0.0,1.0,0.0,0.0,0.0,0.0
60452,0.0,0.0,0.0,0.0,0.0,0.0,0.0
60454,0.0,0.0,1.0,0.0,0.0,0.0,0.0
60457,0.0,0.0,0.0,0.0,0.0,0.0,0.0
60460,0.0,0.0,1.0,0.0,0.0,0.0,0.0
60463,0.0,0.0,0.0,0.0,0.0,0.0,0.0
60464,0.0,0.0,1.0,0.0,0.0,0.0,0.0
60481,0.0,0.0,0.0,0.0,0.0,0.0,0.0
60485,0.0,0.0,1.0,0.0,0.0,0.0,0.0
60486,0.0,0.0,0.0,0.0,0.0,0.0,0.0
60487,0.0,0.0,1.0,0.0,0.0,0.0,0.0
60488,0.0,0.0,0.0,0.0,0.0,0.0,0.0
60489,0.0,0.0,1.0,0.0,0.0,0.0,0.0
60490,0.0,0.0,0.0,0.0,0.0,0.0,0.0
60491,0.0,0.0,1.0,0.0,0.0,0.0,0.0
60492,0.0,0.0,0.0,0.0,0.0,0.0,0.0
60517,0.0,0.0,1.0,0.0,0.0,0.0,0.0
60534,0.0,0.0,1.0,1.0,0.0,1.0,0.0
60535,0.0,0.0,0.0,0.0,0.0,0.0,0.0
61179,0.0,0.0,0.0,0.0,1.0,0.0,0.0
61181,0.0,0.0,0.0,0.0,0.0,0.0,0.0
61208,0.0,0.0,1.0,0.0,0.0,0.0,0.0
61212,0.0,0.0,0.0,0.0,0.0,0.0,0.0
61213,0.0,0.0,1.0,0.0,0.0,0.0,0.0
61214,0.0,0.0,0.0,0.0,0.0,0.0,0.0
61215,0.0,0.0,1.0,0.0,0.0,0.0,0.0
61222,0.0,0.0,1.0,0.0,1.0,0.0,0.0
61223,0.0,0.0,1.0,0.0,0.0,0.0,0.0
61318,0.0,0.0,0.0,0.0,0.0,0.0,0.0
61323,0.0,0.0,1.0,0.0,0.0,0.0,0.0
61337,0.0,0.0,0.0,0.0,0.0,0.0,0.0
61344,0.0,0.0,1.0,0.0,0.0,0.0,0.0
61345,0.0,0.0,0.0,0.0,0.0,0.0,0.0
61346,0.0,0.0,1.0,0.0,0.0,0.0,0.0
61357,0.0,0.0,0.0,0.0,0.0,0.0,0.0
61590,0.0,0.0,0.0,0.0,1.0,0.0,0.0
61591,0.0,0.0,0.0,0.0,0.0,0.0,0.0
61672,0.0,0.0,0.0,0.0,1.0,0.0,0.0
61674,0.0,0.0,0.0,0.0,0.0,0.0,0.0
61675,0.0,0.0,0.0,0.0,1.0,0.0,0.0
61681,0.0,0.0,0.0,0.0,0.0,0.0,0.0
61944,0.0,0.0,0.0,0.0,1.0,0.0,0.0
61945,0.0,0.0,0.0,0.0,0.0,0.0,0.0
62053,0.0,0.0,0.0,0.0,1.0,0.0,0.0
62054,0.0,0.0,0.0,0.0,0.0,0.0,0.0
62364,0.0,0.0,0.0,0.0,1.0,0.0,0.0
62365,0.0,0.0,0.0,0.0,0.0,0.0,0.0
62367,0.0,0.0,0.0,0.0,1.0,0.0,0.0
62368,0.0,0.0,0.0,0.0,0.0,0.0,0.0
62375,0.0,0.0,0.0,0.0,1.0,0.0,0.0
62376,0.0,0.0,0.0,0.0,0.0,0.0,0.0
62378,0.0,0.0,0.0,0.0,1.0,0.0,0.0
62383,0.0,0.0,0.0,0.0,0.0,0.0,0.0
62384,0.0,0.0,0.0,0.0,1.0,0.0,0.0
62385,0.0,0.0,0.0,0.0,0.0,0.0,0.0
62387,0.0,0.0,0.0,0.0,1.0,0.0,0.0
62390,0.0,0.0,0.0,0.0,2.0,0.0,0.0
62391,0.0,0.0,0.0,0.0,0.0,0.0,0.0
63333,0.0,0.0,0.0,0.0,1.0,0.0,0.0
63334,0.0,0.0,0.0,0.0,0.0,0.0,0.0
63616,0.0,0.0,0.0,0.0,1.0,0.0,0.0
63618,0.0,0.0,0.0,0.0,0.0,0.0,0.0
64485,0.0,0.0,0.0,0.0,1.0,0.0,0.0
64486,0.0,0.0,0.0,0.0,0.0,0.0,0.0
64497,0.0,0.0,0.0,0.0,1.0,0.0,0.0
64501,0.0,0.0,0.0,0.0,0.0,0.0,0.0
67585,0.0,0.0,0.0,0.0,1.0,0.0,0.0
67586,0.0,0.0,0.0,0.0,0.0,0.0,0.0
67587,0.0,0.0,0.0,0.0,1.0,0.0,0.0
67588,0.0,0.0,0.0,0.0,0.0,0.0,0.0
67592,0.0,0.0,0.0,0.0,1.0,0.0,0.0
67593,0.0,0.0,0.0,0.0,0.0,0.0,0.0
67786,0.0,0.0,0.0,0.0,1.0,0.0,0.0
67788,0.0,0.0,0.0,0.0,0.0,0.0,0.0
67789,0.0,0.0,0.0,0.0,1.0,0.0,0.0
67790,0.0,0.0,0.0,0.0,0.0,0.0,0.0
67792,0.0,0.0,0.0,0.0,1.0,0.0,0.0
67793,0.0,0.0,0.0,0.0,0.0,0.0,0.0
71000,0.0,0.0,0.0,0.0,0.0,0.0,1.0
71001,0.0,0.0,0.0,0.0,0.0,0.0,0.0
71198,0.0,0.0,0.0,0.0,1.0,0.0,0.0
71199,0.0,0.0,0.0,1.0,1.0,0.0,0.0
71200,0.0,0.0,0.0,2.0,2.0,1.0,0.0
71201,0.0,0.0,0.0,0.0,0.0,0.0,0.0
71243,0.0,0.0,1.0,0.0,0.0,0.0,0.0
71244,0.0,0.0,0.0,0.0,0.0,0.0,0.0
71252,0.0,0.0,1.0,0.0,0.0,0.0,0.0
71253,0.0,0.0,0.0,0.0,0.0,0.0,0.0
71255,0.0,0.0,1.0,0.0,0.0,0.0,0.0
71286,0.0,0.0,0.0,0.0,0.0,0.0,0.0
71288,0.0,0.0,1.0,0.0,0.0,0.0,0.0
71292,0.0,0.0,0.0,0.0,0.0,0.0,0.0
71308,0.0,0.0,1.0,0.0,0.0,0.0,0.0
71310,0.0,0.0,0.0,0.0,0.0,0.0,0.0
71644,0.0,0.0,0.0,0.0,1.0,0.0,0.0
71645,0.0,0.0,0.0,0.0,0.0,0.0,0.0
71718,0.0,0.0,0.0,0.0,1.0,0.0,0.0
71719,0.0,0.0,0.0,0.0,0.0,0.0,0.0
71720,0.0,0.0,0.0,0.0,1.0,0.0,0.0
71725,0.0,0.0,0.0,0.0,2.0,0.0,0.0
71726,0.0,0.0,0.0,0.0,0.0,0.0,0.0
71747,0.0,0.0,0.0,1.0,0.0,1.0,0.0
71748,0.0,0.0,0.0,0.0,0.0,0.0,0.0
71878,0.0,0.0,1.0,0.0,0.0,0.0,0.0
71879,0.0,0.0,0.0,0.0,0.0,0.0,0.0
71880,0.0,0.0,1.0,0.0,0.0,0.0,0.0
71883,0.0,0.0,0.0,0.0,0.0,0.0,0.0
71884,0.0,0.0,1.0,0.0,0.0,0.0,0.0
71990,0.0,0.0,2.0,0.0,0.0,0.0,0.0
71991,0.0,0.0,0.0,0.0,0.0,0.0,0.0
72369,0.0,0.0,0.0,0.0,1.0,0.0,0.0
72370,0.0,0.0,0.0,0.0,0.0,0.0,0.0
72763,0.0,0.0,0.0,0.0,1.0,0.0,0.0
72764,0.0,0.0,0.0,0.0,0.0,0.0,0.0
72765,0.0,0.0,0.0,0.0,1.0,0.0,0.0
72767,0.0,0.0,0.0,0.0,0.0,0.0,0.0
72770,0.0,0.0,0.0,0.0,1.0,0.0,0.0
72773,0.0,0.0,0.0,0.0,0.0,0.0,0.0
72815,0.0,0.0,0.0,0.0,1.0,0.0,0.0
72816,0.0,0.0,0.0,0.0,0.0,0.0,0.0
72817,0.0,0.0,0.0,0.0,1.0,0.0,0.0
72820,0.0,0.0,0.0,0.0,0.0,0.0,0.0
72822,0.0,0.0,0.0,0.0,1.0,0.0,0.0
72824,0.0,0.0,0.0,0.0,2.0,0.0,0.0
72825,0.0,0.0,0.0,0.0,0.0,0.0,0.0
73668,0.0,0.0,0.0,0.0,1.0,0.0,0.0
73670,0.0,0.0,0.0,0.0,0.0,0.0,0.0
73674,0.0,0.0,0.0,0.0,1.0,0.0,0.0
73677,0.0,0.0,0.0,0.0,2.0,0.0,0.0
73678,0.0,0.0,0.0,0.0,0.0,0.0,0.0
74782,0.0,0.0,1.0,0.0,0.0,0.0,0.0
74816,0.0,0.0,0.0,0.0,0.0,0.0,0.0
74857,0.0,0.0,1.0,0.0,0.0,0.0,0.0
74858,0.0,0.0,0.0,0.0,0.0,0.0,0.0
74859,0.0,0.0,1.0,0.0,0.0,0.0,0.0
74860,0.0,0.0,0.0,0.0,0.0,0.0,0.0
74861,0.0,0.0,1.0,0.0,0.0,0.0,0.0
74862,0.0,0.0,0.0,0.0,0.0,0.0,0.0
74867,0.0,0.0,1.0,0.0,0.0,0.0,0.0
74876,0.0,0.0,0.0,0.0,0.0,0.0,0.0
74877,0.0,0.0,1.0,0.0,0.0,0.0,0.0
74878,0.0,0.0,0.0,0.0,0.0,0.0,0.0
74882,0.0,0.0,1.0,0.0,0.0,0.0,0.0
74885,0.0,0.0,0.0,0.0,0.0,0.0,0.0
74886,0.0,0.0,1.0,0.0,0.0,0.0,0.0
74929,0.0,0.0,0.0,0.0,0.0,0.0,0.0
74930,0.0,0.0,1.0,0.0,0.0,0.0,0.0
74939,0.0,0.0,0.0,0.0,0.0,0.0,0.0
75076,0.0,0.0,1.0,0.0,0.0,0.0,0.0
75112,0.0,0.0,1.0,0.0,1.0,0.0,0.0
75113,0.0,0.0,1.0,0.0,0.0,0.0,0.0
75115,0.0,0.0,1.0,0.0,1.0,0.0,0.0
75117,0.0,0.0,1.0,0.0,0.0,0.0,0.0
75292,0.0,0.0,0.0,0.0,0.0,0.0,0.0
75295,0.0,0.0,1.0,0.0,0.0,0.0,0.0
75296,0.0,0.0,0.0,0.0,0.0,0.0,0.0
75297,0.0,0.0,1.0,0.0,0.0,0.0,0.0
75298,0.0,0.0,0.0,0.0,0.0,0.0,0.0
75303,0.0,0.0,1.0,0.0,0.0,0.0,0.0
75362,0.0,0.0,1.0,0.0,1.0,0.0,0.0
75364,0.0,0.0,1.0,0.0,0.0,0.0,0.0
75368,0.0,0.0,1.0,0.0,1.0,0.0,0.0
75370,0.0,0.0,1.0,0.0,0.0,0.0,0.0
75415,0.0,0.0,0.0,0.0,0.0,0.0,0.0
75552,0.0,0.0,1.0,0.0,0.0,0.0,0.0
75553,0.0,0.0,0.0,0.0,0.0,0.0,0.0
75554,0.0,0.0,1.0,0.0,0.0,0.0,0.0
75590,0.0,0.0,0.0,0.0,0.0,0.0,0.0
75595,0.0,0.0,1.0,0.0,0.0,0.0,0.0
75596,0.0,0.0,0.0,0.0,0.0,0.0,0.0
75615,0.0,0.0,1.0,0.0,0.0,0.0,0.0
75616,0.0,0.0,0.0,0.0,0.0,0.0,0.0
75619,0.0,0.0,1.0,0.0,0.0,0.0,0.0
75622,0.0,0.0,0.0,0.0,0.0,0.0,0.0
75623,0.0,0.0,1.0,0.0,0.0,0.0,0.0
75624,0.0,0.0,0.0,0.0,0.0,0.0,0.0
75639,0.0,0.0,1.0,0.0,0.0,0.0,0.0
75640,0.0,0.0,0.0,0.0,0.0,0.0,0.0
75641,0.0,0.0,1.0,0.0,0.0,0.0,0.0
75642,0.0,0.0,0.0,0.0,0.0,0.0,0.0
75643,0.0,0.0,1.0,0.0,0.0,0.0,0.0
75677,0.0,0.0,0.0,0.0,0.0,0.0,0.0
75678,0.0,0.0,1.0,0.0,0.0,0.0,0.0
75697,0.0,0.0,0.0,0.0,0.0,0.0,0.0
75700,0.0,0.0,1.0,0.0,0.0,0.0,0.0
75701,0.0,0.0,0.0,0.0,0.0,0.0,0.0
76009,0.0,0.0,0.0,0.0,1.0,0.0,0.0
76012,0.0,0.0,0.0,0.0,0.0,0.0,0.0
76013,0.0,0.0,0.0,0.0,1.0,0.0,0.0
76015,0.0,0.0,0.0,0.0,0.0,0.0,0.0
76016,0.0,0.0,0.0,0.0,1.0,0.0,0.0
76020,0.0,0.0,0.0,0.0,0.0,0.0,0.0
76021,0.0,0.0,0.0,0.0,1.0,0.0,0.0
76022,0.0,0.0,0.0,0.0,0.0,0.0,0.0
76023,0.0,0.0,0.0,0.0,1.0,0.0,0.0
76027,0.0,0.0,0.0,0.0,0.0,0.0,0.0
76028,0.0,0.0,0.0,0.0,1.0,0.0,0.0
76029,0.0,0.0,0.0,0.0,0.0,0.0,0.0
76033,0.0,0.0,0.0,0.0,1.0,0.0,0.0
76034,0.0,0.0,0.0,0.0,0.0,0.0,0.0
76077,0.0,0.0,0.0,0.0,1.0,0.0,0.0
76079,0.0,0.0,0.0,0.0,0.0,0.0,0.0
76092,0.0,0.0,0.0,0.0,1.0,0.0,0.0
76093,0.0,0.0,0.0,0.0,0.0,0.0,0.0
76094,0.0,0.0,0.0,0.0,1.0,0.0,0.0
76095,0.0,0.0,0.0,0.0,0.0,0.0,0.0
76099,0.0,0.0,0.0,0.0,1.0,0.0,0.0
76102,0.0,0.0,0.0,0.0,2.0,0.0,0.0
76103,0.0,0.0,0.0,0.0,0.0,0.0,0.0
76868,0.0,0.0,0.0,0.0,1.0,0.0,0.0
76870,0.0,0.0,0.0,0.0,0.0,0.0,0.0
77042,0.0,0.0,0.0,1.0,0.0,1.0,0.0
77043,0.0,0.0,0.0,0.0,0.0,0.0,0.0
80559,0.0,0.0,0.0,0.0,1.0,0.0,0.0
80560,0.0,0.0,0.0,0.0,0.0,0.0,0.0
80562,0.0,0.0,0.0,0.0,1.0,0.0,0.0
80563,0.0,0.0,0.0,0.0,0.0,0.0,0.0
81289,0.0,0.0,0.0,0.0,1.0,0.0,0.0
81290,0.0,0.0,0.0,0.0,0.0,0.0,0.0
81293,0.0,0.0,0.0,0.0,1.0,0.0,0.0
81302,0.0,0.0,0.0,0.0,0.0,0.0,0.0
82734,0.0,0.0,0.0,0.0,1.0,0.0,0.0
82735,0.0,0.0,0.0,0.0,0.0,0.0,0.0
83000,0.0,0.0,0.0,0.0,0.0,0.0,1.0
83001,0.0,0.0,0.0,0.0,0.0,0.0,0.0
83405,0.0,0.0,0.0,0.0,1.0,0.0,0.0
83407,0.0,0.0,0.0,0.0,2.0,0.0,0.0
83408,0.0,0.0,0.0,0.0,0.0,0.0,0.0
83487,0.0,0.0,1.0,0.0,0.0,0.0,0.0
83488,0.0,0.0,0.0,0.0,0.0,0.0,0.0
83494,0.0,0.0,1.0,0.0,0.0,0.0,0.0
83496,0.0,0.0,0.0,0.0,0.0,0.0,0.0
83497,0.0,0.0,1.0,0.0,0.0,0.0,0.0
83500,0.0,0.0,0.0,0.0,0.0,0.0,0.0
83503,0.0,0.0,1.0,0.0,0.0,0.0,0.0
83506,2.0,0.0,1.0,0.0,0.0,0.0,0.0
83507,0.0,0.0,1.0,0.0,0.0,0.0,0.0
83550,0.0,0.0,1.0,1.0,0.0,1.0,0.0
83551,0.0,0.0,0.0,0.0,0.0,0.0,0.0
83601,0.0,0.0,1.0,0.0,0.0,0.0,0.0
83602,0.0,0.0,0.0,0.0,0.0,0.0,0.0
83606,0.0,0.0,1.0,0.0,0.0,0.0,0.0
83607,0.0,0.0,0.0,0.0,0.0,0.0,0.0
83608,0.0,0.0,1.0,0.0,0.0,0.0,0.0
83610,0.0,0.0,0.0,0.0,0.0,0.0,0.0
83629,0.0,0.0,1.0,0.0,0.0,0.0,0.0
83642,0.0,0.0,0.0,0.0,0.0,0.0,0.0
83674,0.0,0.0,1.0,0.0,0.0,0.0,0.0
83678,0.0,0.0,0.0,0.0,0.0,0.0,0.0
83713,0.0,0.0,1.0,0.0,0.0,0.0,0.0
83715,0.0,0.0,0.0,0.0,0.0,0.0,0.0
83716,0.0,0.0,1.0,0.0,0.0,0.0,0.0
83723,0.0,0.0,0.0,0.0,0.0,0.0,0.0
83728,0.0,0.0,1.0,0.0,0.0,0.0,0.0
83729,0.0,0.0,0.0,0.0,0.0,0.0,0.0
83733,0.0,0.0,1.0,0.0,0.0,0.0,0.0
83734,0.0,0.0,0.0,0.0,0.0,0.0,0.0
83769,0.0,0.0,1.0,0.0,0.0,0.0,0.0
83770,0.0,0.0,0.0,0.0,0.0,0.0,0.0
83777,0.0,0.0,1.0,0.0,0.0,0.0,0.0
83778,0.0,0.0,0.0,0.0,0.0,0.0,0.0
83822,0.0,0.0,1.0,0.0,0.0,0.0,0.0
83823,0.0,0.0,0.0,0.0,0.0,0.0,0.0
83824,0.0,0.0,1.0,0.0,0.0,0.0,0.0
83825,0.0,0.0,0.0,0.0,0.0,0.0,0.0
83826,0.0,0.0,1.0,0.0,0.0,0.0,0.0
83836,0.0,0.0,0.0,0.0,0.0,0.0,0.0
83862,0.0,0.0,1.0,0.0,0.0,0.0,0.0
84048,0.0,0.0,1.0,1.0,0.0,0.0,0.0
84049,0.0,0.0,1.0,1.0,1.0,0.0,0.0
84053,0.0,0.0,1.0,1.0,0.0,0.0,0.0
84054,0.0,0.0,1.0,1.0,1.0,0.0,0.0
84056,0.0,0.0,1.0,1.0,0.0,0.0,0.0
84059,0.0,0.0,1.0,1.0,1.0,0.0,0.0
84060,0.0,0.0,1.0,1.0,0.0,0.0,0.0
84074,0.0,0.0,1.0,0.0,0.0,0.0,0.0
84075,0.0,0.0,1.0,1.0,0.0,0.0,0.0
84235,0.0,0.0,2.0,1.0,0.0,0.0,0.0
84236,0.0,0.0,0.0,1.0,0.0,0.0,0.0
84243,0.0,0.0,0.0,2.0,1.0,1.0,0.0
84244,0.0,0.0,0.0,0.0,0.0,0.0,0.0
84426,0.0,0.0,1.0,0.0,0.0,0.0,0.0
84429,0.0,0.0,0.0,0.0,0.0,0.0,0.0
84430,0.0,0.0,1.0,0.0,0.0,0.0,0.0
84431,0.0,0.0,0.0,0.0,0.0,0.0,0.0
84436,0.0,0.0,1.0,0.0,0.0,0.0,0.0
84441,0.0,0.0,0.0,0.0,0.0,0.0,0.0
84444,0.0,0.0,1.0,0.0,0.0,0.0,0.0
84445,0.0,0.0,0.0,0.0,0.0,0.0,0.0
84446,0.0,0.0,1.0,0.0,0.0,0.0,0.0
84447,0.0,0.0,0.0,0.0,0.0,0.0,0.0
84494,0.0,0.0,1.0,0.0,0.0,0.0,0.0
84495,0.0,0.0,0.0,0.0,0.0,0.0,0.0
84496,0.0,0.0,1.0,0.0,0.0,0.0,0.0
84499,0.0,0.0,0.0,0.0,0.0,0.0,0.0
84502,0.0,0.0,1.0,0.0,0.0,0.0,0.0
84876,0.0,0.0,0.0,0.0,0.0,0.0,0.0
84877,0.0,0.0,1.0,0.0,0.0,0.0,0.0
84878,0.0,0.0,0.0,0.0,0.0,0.0,0.0
84879,0.0,0.0,1.0,0.0,0.0,0.0,0.0
84927,0.0,0.0,1.0,0.0,1.0,0.0,0.0
84928,0.0,0.0,1.0,0.0,0.0,0.0,0.0
84935,0.0,0.0,1.0,0.0,1.0,0.0,0.0
84937,0.0,0.0,1.0,0.0,0.0,0.0,0.0
84938,0.0,0.0,1.0,0.0,1.0,0.0,0.0
84945,0.0,0.0,1.0,0.0,0.0,0.0,0.0
85116,0.0,0.0,1.0,0.0,1.0,0.0,0.0
85118,0.0,0.0,1.0,0.0,0.0,0.0,0.0
85129,0.0,0.0,1.0,0.0,1.0,0.0,0.0
85134,0.0,0.0,1.0,0.0,0.0,0.0,0.0
85533,0.0,0.0,0.0,0.0,0.0,0.0,0.0
85534,0.0,0.0,1.0,0.0,0.0,0.0,0.0
85535,0.0,0.0,0.0,0.0,0.0,0.0,0.0
85539,0.0,0.0,1.0,0.0,0.0,0.0,0.0
85540,0.0,0.0,0.0,0.0,0.0,0.0,0.0
85551,0.0,0.0,1.0,0.0,0.0,0.0,0.0
85554,0.0,0.0,0.0,0.0,0.0,0.0,0.0
85555,0.0,0.0,1.0,0.0,0.0,0.0,0.0
85558,0.0,0.0,0.0,0.0,0.0,0.0,0.0
85559,0.0,0.0,1.0,0.0,0.0,0.0,0.0
85560,0.0,0.0,0.0,0.0,0.0,0.0,0.0
85577,0.0,0.0,1.0,0.0,0.0,0.0,0.0
85578,0.0,0.0,0.0,0.0,0.0,0.0,0.0
85581,0.0,0.0,1.0,0.0,0.0,0.0,0.0
85584,0.0,0.0,0.0,0.0,0.0,0.0,0.0
85719,0.0,0.0,1.0,0.0,0.0,0.0,0.0
85720,0.0,0.0,0.0,0.0,0.0,0.0,0.0
85721,0.0,0.0,1.0,0.0,0.0,0.0,0.0
85722,0.0,0.0,0.0,0.0,0.0,0.0,0.0
85725,0.0,0.0,1.0,0.0,0.0,0.0,0.0
85726,0.0,0.0,0.0,0.0,0.0,0.0,0.0
85727,0.0,0.0,1.0,0.0,0.0,0.0,0.0
85728,0.0,0.0,0.0,0.0,0.0,0.0,0.0
85729,0.0,0.0,1.0,0.0,0.0,0.0,0.0
85730,0.0,0.0,0.0,0.0,0.0,0.0,0.0
85731,0.0,0.0,1.0,0.0,0.0,0.0,0.0
85732,0.0,0.0,0.0,0.0,0.0,0.0,0.0
85927,0.0,0.0,0.0,0.0,1.0,0.0,0.0
85928,0.0,0.0,0.0,0.0,0.0,0.0,0.0
86010,0.0,0.0,1.0,0.0,0.0,0.0,0.0
86011,0.0,0.0,0.0,0.0,0.0,0.0,0.0
86012,0.0,0.0,1.0,0.0,0.0,0.0,0.0
86019,0.0,0.0,0.0,0.0,0.0,0.0,0.0
86028,0.0,0.0,1.0,0.0,0.0,0.0,0.0
86029,0.0,0.0,0.0,0.0,0.0,0.0,0.0
86083,0.0,0.0,1.0,0.0,0.0,0.0,0.0
86100,0.0,0.0,0.0,0.0,0.0,0.0,0.0
86101,0.0,0.0,1.0,0.0,0.0,0.0,0.0
86102,0.0,0.0,0.0,0.0,0.0,0.0,0.0
86103,0.0,0.0,1.0,0.0,0.0,0.0,0.0
86164,0.0,0.0,0.0,0.0,0.0,0.0,0.0
86165,0.0,0.0,1.0,0.0,0.0,0.0,0.0
86166,0.0,0.0,0.0,0.0,0.0,0.0,0.0
86167,0.0,0.0,1.0,0.0,0.0,0.0,0.0
86168,0.0,0.0,0.0,0.0,0.0,0.0,0.0
86169,0.0,0.0,1.0,0.0,0.0,0.0,0.0
86170,0.0,0.0,0.0,0.0,0.0,0.0,0.0
86173,0.0,0.0,1.0,0.0,0.0,0.0,0.0
86255,0.0,0.0,0.0,0.0,0.0,0.0,0.0
86256,0.0,0.0,1.0,0.0,0.0,0.0,0.0
86261,0.0,0.0,0.0,0.0,0.0,0.0,0.0
86291,0.0,0.0,1.0,0.0,0.0,0.0,0.0
86380,0.0,0.0,0.0,0.0,0.0,0.0,0.0
86383,0.0,0.0,1.0,0.0,0.0,0.0,0.0
86411,0.0,0.0,0.0,0.0,0.0,0.0,0.0
86438,0.0,0.0,1.0,0.0,0.0,0.0,0.0
86439,0.0,0.0,0.0,0.0,0.0,0.0,0.0
87157,0.0,0.0,0.0,0.0,1.0,0.0,0.0
87158,0.0,0.0,0.0,0.0,0.0,0.0,0.0
87190,0.0,0.0,0.0,0.0,1.0,0.0,0.0
87193,0.0,0.0,0.0,0.0,2.0,0.0,0.0
87194,0.0,0.0,0.0,0.0,0.0,0.0,0.0
87324,0.0,0.0,0.0,0.0,1.0,0.0,0.0
87325,0.0,0.0,0.0,0.0,0.0,0.0,0.0
87497,0.0,0.0,1.0,0.0,0.0,0.0,0.0
87498,0.0,0.0,0.0,0.0,0.0,0.0,0.0
87503,0.0,0.0,1.0,0.0,0.0,0.0,0.0
87506,0.0,0.0,0.0,0.0,0.0,0.0,0.0
87557,0.0,0.0,1.0,0.0,0.0,0.0,0.0
87560,0.0,0.0,0.0,0.0,0.0,0.0,0.0
87561,0.0,0.0,1.0,0.0,0.0,0.0,0.0
87594,0.0,0.0,0.0,0.0,0.0,0.0,0.0
87595,0.0,0.0,1.0,0.0,0.0,0.0,0.0
87596,0.0,0.0,0.0,0.0,0.0,0.0,0.0
87836,0.0,0.0,0.0,0.0,1.0,0.0,0.0
87839,0.0,0.0,0.0,0.0,0.0,0.0,0.0
87887,0.0,0.0,1.0,0.0,0.0,0.0,0.0
87889,0.0,0.0,1.0,0.0,1.0,0.0,0.0
87891,0.0,0.0,1.0,0.0,0.0,0.0,0.0
87902,0.0,0.0,0.0,0.0,0.0,0.0,0.0
87940,0.0,0.0,1.0,0.0,0.0,0.0,0.0
87983,0.0,0.0,0.0,0.0,0.0,0.0,0.0
87984,0.0,0.0,1.0,0.0,0.0,0.0,0.0
88023,0.0,0.0,0.0,0.0,0.0,0.0,0.0
88026,0.0,0.0,1.0,0.0,0.0,0.0,0.0
88027,0.0,0.0,0.0,0.0,0.0,0.0,0.0
88028,0.0,0.0,1.0,0.0,0.0,0.0,0.0
88029,0.0,0.0,0.0,0.0,0.0,0.0,0.0
88571,0.0,0.0,0.0,0.0,1.0,0.0,0.0
88576,0.0,0.0,0.0,0.0,0.0,0.0,0.0
88578,0.0,0.0,0.0,0.0,1.0,0.0,0.0
88580,0.0,0.0,0.0,0.0,0.0,0.0,0.0
88581,0.0,0.0,0.0,0.0,1.0,0.0,0.0
88583,0.0,0.0,0.0,0.0,0.0,0.0,0.0
88584,0.0,0.0,0.0,0.0,1.0,0.0,0.0
88586,0.0,0.0,0.0,0.0,0.0,0.0,0.0
88587,0.0,0.0,0.0,0.0,1.0,0.0,0.0
88590,0.0,0.0,0.0,0.0,2.0,0.0,0.0
88591,0.0,0.0,0.0,0.0,0.0,0.0,0.0
88826,0.0,0.0,0.0,0.0,1.0,0.0,0.0
88827,0.0,0.0,0.0,0.0,0.0,0.0,0.0
88829,0.0,0.0,0.0,0.0,1.0,0.0,0.0
88830,0.0,0.0,0.0,0.0,0.0,0.0,0.0
89166,0.0,0.0,0.0,0.0,1.0,0.0,0.0
89168,0.0,0.0,0.0,0.0,0.0,0.0,0.0
89584,0.0,0.0,0.0,0.0,1.0,0.0,0.0
89585,0.0,0.0,0.0,0.0,0.0,0.0,0.0
90940,0.0,0.0,0.0,1.0,0.0,0.0,0.0
90942,0.0,0.0,0.0,2.0,0.0,1.0,0.0
90943,0.0,0.0,0.0,0.0,0.0,0.0,0.0
90981,0.0,0.0,1.0,0.0,0.0,0.0,0.0
90983,0.0,0.0,2.0,1.0,0.0,0.0,0.0
90984,0.0,0.0,0.0,0.0,0.0,0.0,0.0
91039,0.0,0.0,1.0,0.0,0.0,0.0,0.0
91041,0.0,0.0,0.0,0.0,0.0,0.0,0.0
91042,0.0,0.0,1.0,0.0,0.0,0.0,0.0
91047,0.0,0.0,0.0,0.0,0.0,0.0,0.0
91048,0.0,0.0,1.0,0.0,0.0,0.0,0.0
92345,0.0,0.0,1.0,0.0,1.0,0.0,0.0
92348,0.0,0.0,1.0,0.0,0.0,0.0,0.0
93472,0.0,0.0,1.0,0.0,1.0,0.0,0.0
93474,0.0,0.0,1.0,0.0,2.0,0.0,0.0
93475,0.0,0.0,1.0,0.0,0.0,0.0,0.0
94311,0.0,0.0,1.0,0.0,1.0,0.0,0.0
94312,0.0,0.0,1.0,0.0,0.0,0.0,0.0
94323,0.0,0.0,1.0,0.0,1.0,0.0,0.0
94324,0.0,0.0,1.0,0.0,0.0,0.0,0.0
95000,0.0,0.0,1.0,0.0,0.0,0.0,1.0
95001,0.0,0.0,1.0,0.0,0.0,0.0,0.0
95216,0.0,0.0,1.0,0.0,1.0,0.0,0.0
95217,0.0,0.0,1.0,0.0,0.0,0.0,0.0
95297,0.0,0.0,1.0,0.0,1.0,0.0,0.0
95298,0.0,0.0,1.0,0.0,0.0,0.0,0.0
95299,0.0,0.0,1.0,0.0,1.0,0.0,0.0
95301,0.0,0.0,1.0,0.0,0.0,0.0,0.0
95345,0.0,0.0,1.0,0.0,1.0,0.0,0.0
95346,0.0,0.0,1.0,0.0,0.0,0.0,0.0
95350,0.0,0.0,1.0,0.0,1.0,0.0,0.0
95351,0.0,0.0,1.0,0.0,0.0,0.0,0.0
95352,0.0,0.0,1.0,0.0,1.0,0.0,0.0
95354,0.0,0.0,1.0,0.0,2.0,0.0,0.0
95355,0.0,0.0,1.0,0.0,0.0,0.0,0.0
95500,0.0,2.0,1.0,0.0,0.0,0.0,0.0
95501,0.0,0.0,1.0,0.0,0.0,0.0,0.0
95518,2.0,0.0,1.0,0.0,0.0,1.0,0.0
95519,0.0,0.0,0.0,0.0,0.0,0.0,0.0
95568,0.0,0.0,1.0,0.0,0.0,0.0,0.0
95569,0.0,0.0,0.0,0.0,0.0,0.0,0.0
95570,0.0,0.0,1.0,0.0,0.0,0.0,0.0
95571,0.0,0.0,0.0,0.0,0.0,0.0,0.0
95572,0.0,0.0,1.0,0.0,0.0,0.0,0.0
95576,0.0,0.0,0.0,0.0,0.0,0.0,0.0
95697,0.0,0.0,1.0,0.0,0.0,0.0,0.0
95717,0.0,0.0,0.0,0.0,0.0,0.0,0.0
95719,0.0,0.0,1.0,0.0,0.0,0.0,0.0
95722,0.0,0.0,0.0,0.0,0.0,0.0,0.0
95724,0.0,0.0,1.0,0.0,0.0,0.0,0.0
95725,0.0,0.0,0.0,0.0,0.0,0.0,0.0
95726,0.0,0.0,1.0,0.0,0.0,0.0,0.0
95805,0.0,0.0,1.0,0.0,1.0,0.0,0.0
95807,0.0,0.0,1.0,0.0,2.0,0.0,0.0
95808,0.0,0.0,1.0,0.0,0.0,0.0,0.0
95817,0.0,0.0,2.0,0.0,0.0,0.0,0.0
95818,0.0,0.0,0.0,0.0,0.0,0.0,0.0
95859,0.0,0.0,1.0,0.0,0.0,0.0,0.0
95860,0.0,0.0,0.0,0.0,0.0,0.0,0.0
95897,0.0,0.0,1.0,0.0,0.0,0.0,0.0
95917,0.0,0.0,1.0,1.0,0.0,1.0,0.0
95918,0.0,0.0,0.0,0.0,0.0,0.0,0.0
95963,0.0,0.0,1.0,0.0,0.0,0.0,0.0
95978,0.0,0.0,0.0,0.0,0.0,0.0,0.0
95979,0.0,0.0,1.0,0.0,0.0,0.0,0.0
95991,0.0,0.0,0.0,0.0,0.0,0.0,0.0
95994,0.0,0.0,1.0,0.0,0.0,0.0,0.0
96022,0.0,0.0,0.0,0.0,0.0,0.0,0.0
96023,0.0,0.0,1.0,0.0,0.0,0.0,0.0
96024,0.0,0.0,0.0,0.0,0.0,0.0,0.0
96026,0.0,0.0,1.0,0.0,0.0,0.0,0.0
96027,0.0,0.0,0.0,0.0,0.0,0.0,0.0
96028,0.0,0.0,1.0,0.0,0.0,0.0,0.0
96029,0.0,0.0,0.0,0.0,0.0,0.0,0.0
96032,0.0,0.0,1.0,0.0,0.0,0.0,0.0
96033,0.0,0.0,0.0,0.0,0.0,0.0,0.0
96036,0.0,0.0,1.0,0.0,0.0,0.0,0.0
96055,0.0,0.0,0.0,0.0,0.0,0.0,0.0
96060,0.0,0.0,1.0,0.0,0.0,0.0,0.0
96070,0.0,0.0,0.0,0.0,0.0,0.0,0.0
96072,0.0,0.0,1.0,0.0,0.0,0.0,0.0
96075,0.0,0.0,0.0,0.0,0.0,0.0,0.0
96082,0.0,0.0,1.0,0.0,0.0,0.0,0.0
96086,0.0,0.0,0.0,0.0,0.0,0.0,0.0
96089,0.0,0.0,1.0,0.0,0.0,0.0,0.0
96097,0.0,0.0,0.0,0.0,0.0,0.0,0.0
96098,0.0,0.0,1.0,0.0,0.0,0.0,0.0
96103,0.0,0.0,0.0,0.0,0.0,0.0,0.0
96104,0.0,0.0,1.0,0.0,0.0,0.0,0.0
96105,0.0,0.0,0.0,0.0,0.0,0.0,0.0
96115,0.0,0.0,1.0,0.0,0.0,0.0,0.0
96131,0.0,0.0,0.0,0.0,0.0,0.0,0.0
96133,0.0,0.0,1.0,0.0,0.0,0.0,0.0
96134,0.0,0.0,0.0,0.0,0.0,0.0,0.0
96135,0.0,0.0,1.0,0.0,0.0,0.0,0.0
96140,0.0,0.0,0.0,0.0,0.0,0.0,0.0
96225,0.0,0.0,1.0,0.0,0.0,0.0,0.0
96248,0.0,0.0,0.0,0.0,0.0,0.0,0.0
96249,0.0,0.0,1.0,0.0,0.0,0.0,0.0
96250,0.0,0.0,0.0,0.0,0.0,0.0,0.0
96255,0.0,0.0,1.0,0.0,0.0,0.0,0.0
96470,0.0,0.0,1.0,0.0,1.0,0.0,0.0
96471,0.0,0.0,1.0,0.0,0.0,0.0,0.0
96473,0.0,0.0,1.0,0.0,1.0,0.0,0.0
96474,0.0,0.0,1.0,0.0,0.0,0.0,0.0
96475,0.0,0.0,1.0,0.0,1.0,0.0,0.0
96476,0.0,0.0,1.0,0.0,0.0,0.0,0.0
96876,0.0,0.0,0.0,0.0,0.0,0.0,0.0
96879,0.0,0.0,1.0,0.0,0.0,0.0,0.0
96885,0.0,0.0,0.0,0.0,0.0,0.0,0.0
97040,0.0,0.0,0.0,0.0,1.0,0.0,0.0
97043,0.0,0.0,0.0,0.0,0.0,0.0,0.0
97125,0.0,0.0,0.0,0.0,1.0,0.0,0.0
97126,0.0,0.0,0.0,0.0,0.0,0.0,0.0
97228,0.0,0.0,0.0,0.0,1.0,0.0,0.0
97230,0.0,0.0,0.0,0.0,0.0,0.0,0.0
97231,0.0,0.0,0.0,0.0,1.0,0.0,0.0
97233,0.0,0.0,0.0,0.0,2.0,0.0,0.0
97234,0.0,0.0,0.0,0.0,0.0,0.0,0.0
97255,0.0,0.0,1.0,0.0,0.0,0.0,0.0
98018,0.0,0.0,1.0,0.0,1.0,0.0,0.0
98019,0.0,0.0,1.0,0.0,0.0,0.0,0.0
98020,0.0,0.0,1.0,0.0,1.0,0.0,0.0
98022,0.0,0.0,1.0,0.0,0.0,0.0,0.0
98362,0.0,0.0,1.0,0.0,1.0,0.0,0.0
98363,0.0,0.0,1.0,0.0,0.0,0.0,0.0
98398,0.0,0.0,1.0,0.0,1.0,0.0,0.0
98399,0.0,0.0,1.0,0.0,0.0,0.0,0.0
98524,0.0,0.0,1.0,0.0,1.0,0.0,0.0
98526,0.0,0.0,1.0,0.0,0.0,0.0,0.0
98527,0.0,0.0,1.0,0.0,1.0,0.0,0.0
98528,0.0,0.0,1.0,0.0,0.0,0.0,0.0
98791,0.0,0.0,1.0,0.0,1.0,0.0,0.0
98792,0.0,0.0,1.0,0.0,0.0,0.0,0.0
98794,0.0,0.0,1.0,0.0,1.0,0.0,0.0
98796,0.0,0.0,1.0,0.0,0.0,0.0,0.0
98797,0.0,0.0,1.0,0.0,1.0,0.0,0.0
98798,0.0,0.0,1.0,0.0,0.0,0.0,0.0
98840,0.0,0.0,1.0,0.0,1.0,0.0,0.0
98844,0.0,0.0,1.0,0.0,0.0,0.0,0.0
98846,0.0,0.0,1.0,0.0,1.0,0.0,0.0
98848,0.0,0.0,1.0,0.0,0.0,0.0,0.0
99081,0.0,0.0,1.0,0.0,1.0,0.0,0.0
99083,0.0,0.0,1.0,0.0,0.0,0.0,0.0
99159,0.0,2.0,1.0,0.0,1.0,0.0,0.0
99160,0.0,0.0,1.0,0.0,1.0,0.0,0.0
99163,0.0,0.0,1.0,0.0,0.0,0.0,0.0
99164,0.0,0.0,1.0,0.0,1.0,0.0,0.0
99165,0.0,0.0,1.0,0.0,0.0,0.0,0.0
99293,0.0,0.0,1.0,0.0,1.0,0.0,0.0
99294,0.0,0.0,1.0,0.0,0.0,0.0,0.0
99546,0.0,0.0,1.0,0.0,1.0,0.0,0.0
99547,0.0,0.0,1.0,0.0,0.0,0.0,0.0
99549,0.0,0.0,1.0,0.0,1.0,0.0,0.0
99551,0.0,0.0,1.0,0.0,0.0,0.0,0.0
99552,0.0,0.0,1.0,0.0,1.0,0.0,0.0
99553,0.0,0.0,1.0,0.0,0.0,0.0,0.0
99849,0.0,0.0,1.0,0.0,1.0,0.0,0.0
99851,0.0,0.0,1.0,0.0,0.0,0.0,0.0
99854,0.0,0.0,1.0,0.0,1.0,0.0,0.0
99856,0.0,0.0,1.0,0.0,0.0,0.0,0.0
99857,0.0,0.0,1.0,0.0,1.0,0.0,0.0
99858,0.0,0.0,1.0,0.0,0.0,0.0,0.0
99862,0.0,0.0,1.0,0.0,1.0,0.0,0.0
99863,0.0,0.0,1.0,0.0,0.0,0.0,0.0
100029,0.0,0.0,1.0,0.0,1.0,0.0,0.0
100031,0.0,0.0,1.0,0.0,0.0,0.0,0.0
100035,0.0,0.0,1.0,0.0,1.0,0.0,0.0
100037,0.0,0.0,1.0,0.0,0.0,0.0,0.0
100396,0.0,0.0,1.0,0.0,1.0,0.0,0.0
100397,0.0,0.0,1.0,0.0,0.0,0.0,0.0
100612,0.0,0.0,1.0,0.0,1.0,0.0,0.0
100613,0.0,0.0,1.0,0.0,0.0,0.0,0.0
100617,0.0,0.0,1.0,0.0,1.0,0.0,0.0
100618,0.0,0.0,1.0,0.0,0.0,0.0,0.0
100754,0.0,0.0,1.0,0.0,1.0,0.0,0.0
100755,0.0,0.0,1.0,0.0,0.0,0.0,0.0
100757,0.0,0.0,1.0,0.0,1.0,0.0,0.0
100758,0.0,0.0,1.0,0.0,0.0,0.0,0.0
100782,0.0,0.0,1.0,0.0,1.0,0.0,0.0
100784,0.0,0.0,1.0,0.0,0.0,0.0,0.0
100785,0.0,0.0,1.0,0.0,1.0,0.0,0.0
100791,0.0,0.0,1.0,0.0,2.0,0.0,0.0
100792,0.0,0.0,1.0,0.0,0.0,0.0,0.0
101130,0.0,0.0,1.0,0.0,1.0,0.0,0.0
101131,0.0,0.0,1.0,0.0,0.0,0.0,0.0
101174,0.0,0.0,1.0,0.0,1.0,0.0,0.0
101176,0.0,0.0,1.0,0.0,0.0,0.0,0.0
101510,0.0,0.0,1.0,0.0,1.0,0.0,0.0
101511,0.0,0.0,1.0,0.0,0.0,0.0,0.0
101916,0.0,0.0,0.0,0.0,0.0,0.0,0.0
101917,0.0,0.0,1.0,0.0,0.0,0.0,0.0
101918,0.0,0.0,0.0,0.0,0.0,0.0,0.0
102653,0.0,0.0,0.0,0.0,1.0,0.0,0.0
102655,0.0,0.0,0.0,0.0,0.0,0.0,0.0
105858,0.0,0.0,0.0,0.0,1.0,0.0,0.0
105859,0.0,0.0,0.0,0.0,0.0,0.0,0.0
107000,0.0,0.0,0.0,0.0,0.0,0.0,1.0
107001,0.0,0.0,0.0,0.0,0.0,0.0,0.0
107422,0.0,0.0,0.0,0.0,1.0,0.0,0.0
107428,0.0,0.0,0.0,0.0,0.0,0.0,0.0
107429,0.0,0.0,0.0,0.0,1.0,0.0,0.0
107434,0.0,0.0,0.0,0.0,2.0,0.0,0.0
107435,0.0,0.0,0.0,0.0,0.0,0.0,0.0
107484,0.0,0.0,0.0,1.0,0.0,1.0,0.0
107485,0.0,0.0,0.0,0.0,0.0,0.0,0.0
107533,0.0,0.0,1.0,0.0,0.0,0.0,0.0
107534,0.0,0.0,0.0,0.0,0.0,0.0,0.0
107535,0.0,0.0,1.0,0.0,0.0,0.0,0.0
107537,0.0,0.0,0.0,0.0,0.0,0.0,0.0
107538,0.0,0.0,1.0,0.0,0.0,0.0,0.0
107550,0.0,0.0,0.0,0.0,0.0,0.0,0.0
107564,0.0,0.0,1.0,0.0,0.0,0.0,0.0
107819,0.0,0.0,2.0,0.0,0.0,0.0,0.0
107820,0.0,0.0,0.0,0.0,0.0,0.0,0.0
107822,0.0,0.0,0.0,0.0,1.0,0.0,0.0
107824,0.0,0.0,0.0,0.0,0.0,0.0,0.0
107825,0.0,0.0,0.0,0.0,1.0,0.0,0.0
107826,0.0,0.0,0.0,0.0,0.0,0.0,0.0
107827,0.0,0.0,0.0,0.0,1.0,0.0,0.0
107828,0.0,0.0,0.0,0.0,0.0,0.0,0.0
107832,0.0,0.0,0.0,0.0,1.0,0.0,0.0
107833,0.0,0.0,0.0,0.0,0.0,0.0,0.0
107939,0.0,0.0,0.0,0.0,1.0,0.0,0.0
107941,0.0,0.0,1.0,0.0,1.0,0.0,0.0
107942,0.0,0.0,0.0,0.0,1.0,0.0,0.0
107943,0.0,0.0,0.0,0.0,0.0,0.0,0.0
107944,0.0,0.0,0.0,0.0,1.0,0.0,0.0
107945,0.0,0.0,1.0,0.0,1.0,0.0,0.0
107946,0.0,0.0,0.0,0.0,0.0,0.0,0.0
107985,0.0,0.0,0.0,0.0,1.0,0.0,0.0
107987,0.0,0.0,1.0,0.0,1.0,0.0,0.0
107988,0.0,0.0,1.0,0.0,2.0,0.0,0.0
107989,0.0,0.0,1.0,0.0,0.0,0.0,0.0
107994,0.0,0.0,0.0,0.0,0.0,0.0,0.0
107995,0.0,0.0,1.0,0.0,0.0,0.0,0.0
107996,0.0,0.0,0.0,0.0,0.0,0.0,0.0
108052,0.0,0.0,1.0,0.0,0.0,0.0,0.0
108063,0.0,0.0,1.0,1.0,0.0,1.0,0.0
108064,0.0,0.0,0.0,0.0,0.0,0.0,0.0
108152,0.0,0.0,1.0,0.0,0.0,0.0,0.0
108153,0.0,0.0,0.0,0.0,0.0,0.0,0.0
108154,0.0,0.0,1.0,0.0,0.0,0.0,0.0
108157,0.0,0.0,1.0,0.0,1.0,0.0,0.0
108158,0.0,0.0,1.0,0.0,0.0,0.0,0.0
108172,0.0,0.0,1.0,0.0,1.0,0.0,0.0
108173,0.0,0.0,1.0,0.0,0.0,0.0,0.0
108188,0.0,0.0,0.0,0.0,0.0,0.0,0.0
108200,0.0,0.0,1.0,0.0,0.0,0.0,0.0
108201,0.0,0.0,0.0,0.0,0.0,0.0,0.0
108202,0.0,0.0,1.0,0.0,0.0,0.0,0.0
108205,0.0,0.0,0.0,0.0,0.0,0.0,0.0
108208,0.0,0.0,1.0,0.0,0.0,0.0,0.0
108209,0.0,0.0,0.0,0.0,0.0,0.0,0.0
108235,0.0,0.0,1.0,0.0,0.0,0.0,0.0
108238,0.0,0.0,0.0,0.0,0.0,0.0,0.0
108239,0.0,0.0,1.0,0.0,0.0,0.0,0.0
108244,0.0,0.0,0.0,0.0,0.0,0.0,0.0
108245,0.0,0.0,1.0,0.0,0.0,0.0,0.0
108246,0.0,0.0,0.0,0.0,0.0,0.0,0.0
108251,0.0,0.0,1.0,0.0,0.0,0.0,0.0
108280,0.0,0.0,1.0,0.0,1.0,0.0,0.0
108281,0.0,0.0,1.0,0.0,0.0,0.0,0.0
108310,0.0,0.0,1.0,0.0,1.0,0.0,0.0
108315,0.0,0.0,1.0,0.0,0.0,0.0,0.0
108316,0.0,0.0,1.0,0.0,1.0,0.0,0.0
108317,0.0,0.0,1.0,0.0,0.0,0.0,0.0
108366,0.0,0.0,1.0,0.0,1.0,0.0,0.0
108367,0.0,0.0,1.0,0.0,0.0,0.0,0.0
108369,0.0,0.0,1.0,0.0,1.0,0.0,0.0
108370,0.0,0.0,1.0,0.0,0.0,0.0,0.0
108401,0.0,0.0,1.0,0.0,1.0,0.0,0.0
108402,0.0,0.0,1.0,0.0,0.0,0.0,0.0
108439,0.0,0.0,1.0,0.0,1.0,0.0,0.0
108440,0.0,0.0,1.0,0.0,0.0,0.0,0.0
110063,0.0,0.0,1.0,0.0,1.0,0.0,0.0
110065,0.0,0.0,1.0,0.0,0.0,0.0,0.0
110066,0.0,0.0,1.0,0.0,1.0,0.0,0.0
110067,0.0,0.0,1.0,0.0,0.0,0.0,0.0
110085,0.0,0.0,1.0,0.0,1.0,0.0,0.0
110087,0.0,0.0,1.0,0.0,0.0,0.0,0.0
110089,0.0,0.0,1.0,0.0,1.0,0.0,0.0
110090,0.0,0.0,1.0,0.0,0.0,0.0,0.0
110222,0.0,0.0,1.0,0.0,1.0,0.0,0.0
110223,0.0,0.0,1.0,0.0,0.0,0.0,0.0
110690,0.0,0.0,1.0,0.0,1.0,0.0,0.0
110691,0.0,0.0,1.0,0.0,0.0,0.0,0.0
110693,0.0,0.0,1.0,0.0,1.0,0.0,0.0
110695,0.0,0.0,1.0,0.0,0.0,0.0,0.0
110697,0.0,0.0,1.0,0.0,1.0,0.0,0.0
110700,0.0,0.0,1.0,0.0,2.0,0.0,0.0
110701,0.0,0.0,1.0,0.0,0.0,0.0,0.0
110795,0.0,0.0,1.0,0.0,1.0,0.0,0.0
110797,0.0,0.0,1.0,0.0,0.0,0.0,0.0
110801,0.0,0.0,1.0,0.0,1.0,0.0,0.0
110802,0.0,0.0,1.0,0.0,0.0,0.0,0.0
110810,0.0,0.0,1.0,0.0,1.0,0.0,0.0
110811,0.0,0.0,1.0,0.0,0.0,0.0,0.0
111147,0.0,0.0,1.0,0.0,1.0,0.0,0.0
111148,0.0,0.0,1.0,0.0,0.0,0.0,0.0
111303,0.0,0.0,1.0,0.0,1.0,0.0,0.0
111304,0.0,0.0,1.0,0.0,0.0,0.0,0.0
112822,0.0,0.0,1.0,0.0,1.0,0.0,0.0
112824,0.0,0.0,1.0,0.0,0.0,0.0,0.0
112956,0.0,0.0,1.0,0.0,1.0,0.0,0.0
112957,0.0,0.0,1.0,0.0,0.0,0.0,0.0
112982,0.0,0.0,1.0,0.0,1.0,0.0,0.0
112983,0.0,0.0,1.0,0.0,0.0,0.0,0.0
112985,0.0,0.0,1.0,0.0,1.0,0.0,0.0
112986,0.0,0.0,1.0,0.0,0.0,0.0,0.0
112997,0.0,0.0,1.0,0.0,1.0,0.0,0.0
113000,0.0,0.0,1.0,0.0,2.0,0.0,0.0
113001,0.0,0.0,1.0,0.0,0.0,0.0,0.0
113581,0.0,0.0,0.0,0.0,0.0,0.0,0.0
114735,0.0,0.0,0.0,0.0,1.0,0.0,0.0
114737,0.0,0.0,0.0,0.0,0.0,0.0,0.0
115056,0.0,0.0,0.0,0.0,1.0,0.0,0.0
115059,0.0,0.0,0.0,0.0,0.0,0.0,0.0
115061,0.0,0.0,0.0,0.0,1.0,0.0,0.0
115062,0.0,0.0,0.0,0.0,0.0,0.0,0.0
115156,0.0,0.0,0.0,0.0,1.0,0.0,0.0
115164,0.0,0.0,0.0,0.0,0.0,0.0,0.0
116497,0.0,0.0,0.0,0.0,1.0,0.0,0.0
116498,0.0,0.0,0.0,0.0,0.0,0.0,0.0
116505,0.0,0.0,0.0,0.0,1.0,0.0,0.0
116508,0.0,0.0,0.0,0.0,0.0,0.0,0.0
116512,0.0,0.0,0.0,0.0,1.0,0.0,0.0
116513,0.0,0.0,0.0,0.0,0.0,0.0,0.0
116999,0.0,0.0,0.0,0.0,1.0,0.0,0.0
117000,0.0,0.0,0.0,0.0,0.0,0.0,0.0
117082,0.0,0.0,0.0,0.0,1.0,0.0,0.0
117083,0.0,0.0,0.0,0.0,0.0,0.0,0.0
117085,0.0,0.0,0.0,0.0,1.0,0.0,0.0
117086,0.0,0.0,0.0,0.0,0.0,0.0,0.0
117087,0.0,0.0,0.0,0.0,1.0,0.0,0.0
117088,0.0,0.0,0.0,0.0,0.0,0.0,0.0
117089,0.0,0.0,0.0,0.0,1.0,0.0,0.0
117091,0.0,0.0,0.0,0.0,0.0,0.0,0.0
117336,0.0,0.0,0.0,0.0,1.0,0.0,0.0
117337,0.0,0.0,0.0,0.0,0.0,0.0,0.0
117340,0.0,0.0,0.0,0.0,1.0,0.0,0.0
117342,0.0,0.0,0.0,0.0,0.0,0.0,0.0
117592,0.0,0.0,0.0,0.0,1.0,0.0,0.0
117593,0.0,0.0,0.0,0.0,0.0,0.0,0.0
117594,0.0,0.0,0.0,0.0,1.0,0.0,0.0
117596,0.0,0.0,0.0,0.0,0.0,0.0,0.0
118114,0.0,0.0,0.0,0.0,1.0,0.0,0.0
118115,0.0,0.0,0.0,0.0,2.0,0.0,0.0
118116,0.0,0.0,0.0,0.0,0.0,0.0,0.0
118511,0.0,0.0,0.0,0.0,1.0,0.0,0.0
118515,0.0,0.0,0.0,0.0,0.0,0.0,0.0
118516,0.0,0.0,0.0,0.0,1.0,0.0,0.0
118517,0.0,0.0,0.0,0.0,0.0,0.0,0.0
119000,0.0,0.0,0.0,0.0,0.0,0.0,1.0
119001,0.0,0.0,0.0,0.0,0.0,0.0,0.0
119293,0.0,0.0,0.0,0.0,1.0,0.0,0.0
119294,0.0,0.0,0.0,0.0,0.0,0.0,0.0
119301,0.0,0.0,0.0,0.0,1.0,0.0,0.0
119303,0.0,0.0,0.0,0.0,2.0,0.0,0.0
119304,0.0,0.0,0.0,0.0,0.0,0.0,0.0
119573,0.0,0.0,0.0,1.0,0.0,1.0,0.0
119574,0.0,0.0,0.0,0.0,0.0,0.0,0.0
119614,0.0,0.0,1.0,0.0,0.0,0.0,0.0
119615,0.0,0.0,0.0,0.0,0.0,0.0,0.0
119616,0.0,0.0,1.0,0.0,0.0,0.0,0.0
119643,0.0,0.0,0.0,0.0,0.0,0.0,0.0
119644,0.0,0.0,1.0,0.0,0.0,0.0,0.0
119645,0.0,0.0,0.0,0.0,0.0,0.0,0.0
119651,0.0,0.0,1.0,0.0,0.0,0.0,0.0
119661,0.0,0.0,0.0,0.0,0.0,0.0,0.0
120088,0.0,0.0,0.0,0.0,1.0,0.0,0.0
120090,0.0,0.0,0.0,0.0,0.0,0.0,0.0
120096,0.0,0.0,0.0,0.0,1.0,0.0,0.0
120098,0.0,0.0,0.0,0.0,0.0,0.0,0.0
120099,0.0,0.0,0.0,0.0,1.0,0.0,0.0
120103,0.0,0.0,0.0,0.0,0.0,0.0,0.0
120160,0.0,0.0,0.0,0.0,1.0,0.0,0.0
120162,0.0,0.0,0.0,0.0,0.0,0.0,0.0
120163,0.0,0.0,0.0,0.0,1.0,0.0,0.0
120164,0.0,0.0,0.0,0.0,0.0,0.0,0.0
120242,0.0,0.0,1.0,0.0,0.0,0.0,0.0
120267,0.0,0.0,1.0,1.0,0.0,0.0,0.0
120272,0.0,0.0,1.0,0.0,0.0,0.0,0.0
120283,0.0,0.0,1.0,1.0,0.0,0.0,0.0
120286,0.0,0.0,1.0,0.0,0.0,0.0,0.0
120287,0.0,0.0,1.0,1.0,0.0,0.0,0.0
120288,0.0,0.0,1.0,0.0,0.0,0.0,0.0
120289,0.0,0.0,1.0,1.0,0.0,0.0,0.0
120304,0.0,0.0,1.0,1.0,1.0,0.0,0.0
120309,0.0,0.0,1.0,1.0,0.0,0.0,0.0
120310,0.0,0.0,1.0,1.0,1.0,0.0,0.0
120311,0.0,0.0,1.0,1.0,0.0,0.0,0.0
120313,0.0,0.0,1.0,1.0,1.0,0.0,0.0
120314,0.0,0.0,1.0,1.0,0.0,0.0,0.0
120315,0.0,0.0,1.0,1.0,1.0,0.0,0.0
120317,0.0,0.0,1.0,1.0,0.0,0.0,0.0
120345,0.0,0.0,1.0,2.0,0.0,1.0,0.0
120346,0.0,0.0,0.0,0.0,0.0,0.0,0.0
120961,0.0,0.0,0.0,0.0,1.0,0.0,0.0
120962,0.0,0.0,0.0,0.0,0.0,0.0,0.0
121015,0.0,0.0,1.0,0.0,0.0,0.0,0.0
121020,0.0,0.0,1.0,0.0,1.0,0.0,0.0
121023,0.0,0.0,1.0,0.0,0.0,0.0,0.0
121024,0.0,0.0,1.0,0.0,1.0,0.0,0.0
121026,0.0,0.0,1.0,0.0,0.0,0.0,0.0
121027,0.0,0.0,1.0,0.0,1.0,0.0,0.0
121030,0.0,0.0,1.0,0.0,0.0,0.0,0.0
121050,0.0,0.0,0.0,0.0,0.0,0.0,0.0
121053,0.0,0.0,1.0,0.0,0.0,0.0,0.0
121054,0.0,0.0,0.0,0.0,0.0,0.0,0.0
121059,0.0,0.0,1.0,0.0,0.0,0.0,0.0
121060,0.0,0.0,0.0,0.0,0.0,0.0,0.0
121061,0.0,0.0,1.0,0.0,0.0,0.0,0.0
121077,0.0,0.0,0.0,0.0,0.0,0.0,0.0
121202,0.0,0.0,1.0,0.0,0.0,0.0,0.0
121203,0.0,0.0,0.0,0.0,0.0,0.0,0.0
121204,0.0,0.0,1.0,0.0,0.0,0.0,0.0
121205,0.0,0.0,0.0,0.0,0.0,0.0,0.0
121225,0.0,0.0,1.0,0.0,0.0,0.0,0.0
121226,0.0,0.0,0.0,0.0,0.0,0.0,0.0
121227,0.0,0.0,1.0,0.0,0.0,0.0,0.0
121229,0.0,0.0,0.0,0.0,0.0,0.0,0.0
121230,0.0,0.0,1.0,0.0,0.0,0.0,0.0
121231,0.0,0.0,0.0,0.0,0.0,0.0,0.0
121278,0.0,0.0,1.0,0.0,0.0,0.0,0.0
121281,0.0,0.0,0.0,0.0,0.0,0.0,0.0
121335,0.0,0.0,1.0,0.0,0.0,0.0,0.0
121336,0.0,0.0,0.0,0.0,0.0,0.0,0.0
121337,0.0,0.0,1.0,0.0,0.0,0.0,0.0
121338,0.0,0.0,0.0,0.0,0.0,0.0,0.0
121343,0.0,0.0,1.0,0.0,0.0,0.0,0.0
122233,0.0,0.0,0.0,0.0,0.0,0.0,0.0
122240,0.0,0.0,1.0,0.0,0.0,0.0,0.0
122241,0.0,0.0,0.0,0.0,0.0,0.0,0.0
122242,0.0,0.0,1.0,0.0,0.0,0.0,0.0
122243,0.0,0.0,0.0,0.0,0.0,0.0,0.0
122244,0.0,0.0,1.0,0.0,0.0,0.0,0.0
122245,0.0,0.0,0.0,0.0,0.0,0.0,0.0
122335,0.0,0.0,0.0,0.0,1.0,0.0,0.0
122336,0.0,0.0,1.0,0.0,1.0,0.0,0.0
122338,0.0,0.0,1.0,0.0,0.0,0.0,0.0
122339,0.0,0.0,1.0,0.0,1.0,0.0,0.0
122340,0.0,0.0,1.0,0.0,0.0,0.0,0.0
122342,0.0,0.0,1.0,0.0,1.0,0.0,0.0
122343,0.0,0.0,1.0,0.0,0.0,0.0,0.0
122352,0.0,0.0,0.0,0.0,0.0,0.0,0.0
122784,0.0,0.0,0.0,0.0,1.0,0.0,0.0
122786,0.0,0.0,0.0,0.0,0.0,0.0,0.0
122787,0.0,0.0,0.0,0.0,1.0,0.0,0.0
122788,0.0,0.0,0.0,0.0,0.0,0.0,0.0
122790,0.0,0.0,0.0,0.0,1.0,0.0,0.0
122795,0.0,0.0,0.0,0.0,0.0,0.0,0.0
122797,0.0,0.0,0.0,0.0,1.0,0.0,0.0
122798,0.0,0.0,0.0,0.0,0.0,0.0,0.0
122800,0.0,0.0,0.0,0.0,1.0,0.0,0.0
122803,0.0,0.0,0.0,0.0,2.0,0.0,0.0
122804,0.0,0.0,0.0,0.0,0.0,0.0,0.0
123951,0.0,0.0,0.0,0.0,1.0,0.0,0.0
123952,0.0,0.0,0.0,0.0,0.0,0.0,0.0
124925,0.0,0.0,0.0,0.0,1.0,0.0,0.0
124926,0.0,0.0,0.0,0.0,0.0,0.0,0.0
125443,0.0,0.0,0.0,0.0,1.0,0.0,0.0
125444,0.0,0.0,0.0,0.0,0.0,0.0,0.0
128014,0.0,0.0,0.0,1.0,0.0,0.0,0.0
128015,0.0,0.0,0.0,0.0,0.0,0.0,0.0
128016,0.0,0.0,0.0,1.0,0.0,0.0,0.0
128017,0.0,0.0,0.0,0.0,0.0,0.0,0.0
129404,0.0,0.0,0.0,0.0,1.0,0.0,0.0
129405,0.0,0.0,0.0,0.0,2.0,1.0,0.0
129406,0.0,0.0,0.0,0.0,0.0,0.0,0.0
129441,0.0,0.0,1.0,0.0,0.0,0.0,0.0
129451,0.0,0.0,0.0,0.0,0.0,0.0,0.0
129453,0.0,0.0,1.0,0.0,0.0,0.0,0.0
129456,0.0,0.0,0.0,0.0,0.0,0.0,0.0
129461,0.0,0.0,1.0,0.0,0.0,0.0,0.0
129462,0.0,0.0,0.0,0.0,0.0,0.0,0.0
129476,0.0,0.0,1.0,0.0,0.0,0.0,0.0
129478,0.0,0.0,0.0,0.0,0.0,0.0,0.0
129481,0.0,0.0,1.0,0.0,0.0,0.0,0.0
129483,0.0,0.0,0.0,0.0,0.0,0.0,0.0
129485,0.0,0.0,1.0,0.0,0.0,0.0,0.0
129499,0.0,0.0,0.0,0.0,0.0,0.0,0.0
129540,0.0,0.0,1.0,0.0,0.0,0.0,0.0
129546,0.0,0.0,0.0,0.0,0.0,0.0,0.0
129548,0.0,0.0,1.0,0.0,0.0,0.0,0.0
129557,0.0,0.0,0.0,0.0,0.0,0.0,0.0
129615,0.0,0.0,1.0,0.0,0.0,0.0,0.0
129740,0.0,0.0,0.0,0.0,0.0,0.0,0.0
129758,0.0,0.0,1.0,0.0,0.0,0.0,0.0
129780,0.0,0.0,1.0,0.0,1.0,0.0,0.0
129785,0.0,0.0,1.0,0.0,0.0,0.0,0.0
129931,0.0,0.0,0.0,0.0,0.0,0.0,0.0
129932,0.0,0.0,1.0,0.0,0.0,0.0,0.0
129936,0.0,0.0,0.0,0.0,0.0,0.0,0.0
129943,0.0,0.0,1.0,0.0,0.0,0.0,0.0
129965,0.0,0.0,0.0,0.0,0.0,0.0,0.0
129967,0.0,0.0,1.0,0.0,0.0,0.0,0.0
129970,0.0,0.0,0.0,0.0,0.0,0.0,0.0
129998,0.0,0.0,1.0,0.0,0.0,0.0,0.0
130005,0.0,0.0,0.0,0.0,0.0,0.0,0.0
130007,0.0,0.0,1.0,0.0,0.0,0.0,0.0
130010,0.0,0.0,0.0,0.0,0.0,0.0,0.0
130012,0.0,0.0,1.0,0.0,0.0,0.0,0.0
130035,0.0,0.0,0.0,0.0,0.0,0.0,0.0
130546,0.0,0.0,1.0,0.0,0.0,0.0,0.0
130548,0.0,0.0,0.0,0.0,0.0,0.0,0.0
130549,0.0,0.0,1.0,0.0,0.0,0.0,0.0
130553,0.0,0.0,0.0,0.0,0.0,0.0,0.0
130722,0.0,0.0,1.0,0.0,0.0,0.0,0.0
130725,0.0,0.0,0.0,0.0,0.0,0.0,0.0
130739,0.0,0.0,1.0,0.0,0.0,0.0,0.0
130740,0.0,0.0,0.0,0.0,0.0,0.0,0.0
130753,0.0,0.0,1.0,0.0,0.0,0.0,0.0
130754,0.0,0.0,0.0,0.0,0.0,0.0,0.0
130821,0.0,0.0,1.0,0.0,0.0,0.0,0.0
130843,0.0,0.0,0.0,0.0,0.0,0.0,0.0
130846,0.0,0.0,1.0,0.0,0.0,0.0,0.0
130847,0.0,0.0,0.0,0.0,0.0,0.0,0.0
130849,0.0,0.0,1.0,0.0,0.0,0.0,0.0
130852,0.0,0.0,0.0,0.0,0.0,0.0,0.0
130854,0.0,0.0,1.0,0.0,0.0,0.0,0.0
130862,0.0,0.0,0.0,0.0,0.0,0.0,0.0
130874,0.0,0.0,1.0,0.0,0.0,0.0,0.0
130887,0.0,0.0,0.0,0.0,0.0,0.0,0.0
130888,0.0,0.0,1.0,0.0,0.0,0.0,0.0
130896,0.0,0.0,0.0,0.0,0.0,0.0,0.0
130909,0.0,0.0,1.0,0.0,0.0,0.0,0.0
130926,0.0,0.0,0.0,0.0,0.0,0.0,0.0
130927,0.0,0.0,1.0,0.0,0.0,0.0,0.0
130945,0.0,0.0,0.0,0.0,0.0,0.0,0.0
130948,0.0,0.0,1.0,0.0,0.0,0.0,0.0
130950,0.0,0.0,0.0,0.0,0.0,0.0,0.0
130953,0.0,0.0,1.0,0.0,0.0,0.0,0.0
130965,0.0,0.0,0.0,0.0,0.0,0.0,0.0
130978,0.0,0.0,1.0,0.0,0.0,0.0,0.0
130980,0.0,0.0,0.0,0.0,0.0,0.0,0.0
130982,0.0,0.0,1.0,0.0,0.0,0.0,0.0
130985,0.0,0.0,0.0,0.0,0.0,0.0,0.0
131000,0.0,0.0,0.0,0.0,0.0,0.0,1.0
131001,0.0,0.0,0.0,0.0,0.0,0.0,0.0
131002,0.0,0.0,1.0,0.0,0.0,0.0,0.0
131004,0.0,0.0,0.0,0.0,0.0,0.0,0.0
131005,0.0,0.0,1.0,0.0,0.0,0.0,0.0
131441,0.0,0.0,1.0,0.0,1.0,0.0,0.0
131442,0.0,0.0,1.0,0.0,0.0,0.0,0.0
131443,0.0,0.0,1.0,0.0,1.0,0.0,0.0
131444,0.0,0.0,1.0,0.0,0.0,0.0,0.0
131446,0.0,0.0,1.0,0.0,1.0,0.0,0.0
131448,0.0,0.0,1.0,0.0,2.0,0.0,0.0
131449,0.0,0.0,1.0,0.0,0.0,0.0,0.0
131496,0.0,0.0,1.0,1.0,0.0,1.0,0.0
131497,0.0,0.0,0.0,0.0,0.0,0.0,0.0
131616,0.0,0.0,1.0,0.0,0.0,0.0,0.0
131617,0.0,0.0,0.0,0.0,0.0,0.0,0.0
131618,0.0,0.0,1.0,0.0,0.0,0.0,0.0
131620,0.0,0.0,0.0,0.0,0.0,0.0,0.0
131621,0.0,0.0,1.0,0.0,0.0,0.0,0.0
131638,0.0,0.0,1.0,0.0,1.0,0.0,0.0
131639,0.0,0.0,1.0,0.0,0.0,0.0,0.0
131728,0.0,0.0,0.0,0.0,0.0,0.0,0.0
131730,0.0,0.0,1.0,0.0,0.0,0.0,0.0
131740,0.0,0.0,0.0,0.0,0.0,0.0,0.0
131743,0.0,0.0,1.0,0.0,0.0,0.0,0.0
131745,0.0,0.0,0.0,0.0,0.0,0.0,0.0
131753,0.0,0.0,1.0,0.0,0.0,0.0,0.0
131754,0.0,0.0,0.0,0.0,0.0,0.0,0.0
131788,0.0,0.0,1.0,0.0,0.0,0.0,0.0
131789,0.0,0.0,0.0,0.0,0.0,0.0,0.0
131791,0.0,0.0,1.0,0.0,0.0,0.0,0.0
131979,0.0,0.0,1.0,0.0,1.0,0.0,0.0
131981,0.0,0.0,1.0,0.0,2.0,0.0,0.0
131982,0.0,0.0,1.0,0.0,0.0,0.0,0.0
132099,0.0,0.0,1.0,0.0,1.0,0.0,0.0
132100,0.0,0.0,1.0,0.0,0.0,0.0,0.0
132659,0.0,0.0,2.0,0.0,0.0,0.0,0.0
132660,0.0,0.0,0.0,0.0,1.0,0.0,0.0
132662,0.0,0.0,0.0,0.0,0.0,0.0,0.0
132663,0.0,0.0,0.0,0.0,1.0,0.0,0.0
132664,0.0,0.0,0.0,0.0,0.0,0.0,0.0
132722,0.0,0.0,1.0,0.0,0.0,0.0,0.0
132723,0.0,0.0,0.0,0.0,0.0,0.0,0.0
132724,0.0,0.0,1.0,0.0,0.0,0.0,0.0
132755,0.0,0.0,0.0,0.0,0.0,0.0,0.0
132872,0.0,0.0,1.0,0.0,0.0,0.0,0.0
132875,0.0,0.0,1.0,0.0,1.0,0.0,0.0
132879,0.0,0.0,1.0,0.0,2.0,0.0,0.0
132880,0.0,0.0,1.0,0.0,0.0,0.0,0.0
132895,0.0,0.0,0.0,0.0,0.0,0.0,0.0
132896,0.0,0.0,1.0,0.0,0.0,0.0,0.0
132897,0.0,0.0,0.0,0.0,0.0,0.0,0.0
132898,0.0,0.0,1.0,0.0,0.0,0.0,0.0
132899,0.0,0.0,0.0,0.0,0.0,0.0,0.0
133385,0.0,2.0,0.0,0.0,0.0,0.0,0.0
133386,0.0,0.0,0.0,0.0,0.0,0.0,0.0
133534,0.0,0.0,0.0,0.0,1.0,0.0,0.0
133535,0.0,0.0,0.0,0.0,0.0,0.0,0.0
133537,0.0,0.0,0.0,0.0,1.0,0.0,0.0
133539,0.0,0.0,0.0,0.0,0.0,0.0,0.0
133540,0.0,0.0,0.0,0.0,1.0,0.0,0.0
133542,0.0,0.0,0.0,0.0,0.0,0.0,0.0
133551,0.0,0.0,0.0,0.0,1.0,0.0,0.0
133552,0.0,0.0,0.0,0.0,0.0,0.0,0.0
133787,0.0,0.0,0.0,0.0,1.0,0.0,0.0
133788,0.0,0.0,0.0,0.0,0.0,0.0,0.0
133792,0.0,0.0,0.0,0.0,1.0,0.0,0.0
133793,0.0,0.0,0.0,0.0,0.0,0.0,0.0
133795,0.0,0.0,0.0,0.0,1.0,0.0,0.0
133796,0.0,0.0,0.0,0.0,0.0,0.0,0.0
133797,0.0,0.0,0.0,0.0,1.0,0.0,0.0
133798,0.0,0.0,0.0,0.0,0.0,0.0,0.0
133813,0.0,0.0,0.0,0.0,1.0,0.0,0.0
133814,0.0,0.0,0.0,0.0,0.0,0.0,0.0
133829,0.0,0.0,0.0,0.0,1.0,0.0,0.0
133831,0.0,0.0,0.0,0.0,0.0,0.0,0.0
133834,0.0,0.0,0.0,0.0,1.0,0.0,0.0
133836,0.0,0.0,0.0,0.0,0.0,0.0,0.0
133839,0.0,0.0,0.0,0.0,1.0,0.0,0.0
133840,0.0,0.0,0.0,0.0,0.0,0.0,0.0
133849,0.0,0.0,0.0,0.0,1.0,0.0,0.0
133852,0.0,0.0,0.0,0.0,2.0,0.0,0.0
133853,0.0,0.0,0.0,0.0,0.0,0.0,0.0
134101,0.0,0.0,0.0,0.0,1.0,0.0,0.0
134105,0.0,0.0,0.0,0.0,0.0,0.0,0.0
134107,0.0,0.0,0.0,0.0,1.0,0.0,0.0
134108,0.0,0.0,0.0,0.0,0.0,0.0,0.0
134320,0.0,0.0,0.0,0.0,1.0,0.0,0.0
134321,0.0,0.0,0.0,0.0,0.0,0.0,0.0
134424,0.0,0.0,0.0,0.0,1.0,0.0,0.0
134425,0.0,0.0,0.0,0.0,0.0,0.0,0.0
134431,0.0,0.0,0.0,0.0,1.0,0.0,0.0
134433,0.0,0.0,0.0,0.0,0.0,0.0,0.0
134483,0.0,0.0,0.0,0.0,1.0,0.0,0.0
134487,0.0,0.0,0.0,0.0,0.0,0.0,0.0
134502,0.0,0.0,0.0,0.0,1.0,0.0,0.0
134504,0.0,0.0,0.0,0.0,0.0,0.0,0.0
134507,0.0,0.0,0.0,0.0,1.0,0.0,0.0
134509,0.0,0.0,0.0,0.0,0.0,0.0,0.0
134546,0.0,0.0,0.0,0.0,1.0,0.0,0.0
134549,0.0,0.0,0.0,0.0,2.0,0.0,0.0
134550,0.0,0.0,0.0,0.0,0.0,0.0,0.0
135382,0.0,0.0,0.0,0.0,1.0,0.0,0.0
135383,0.0,0.0,0.0,0.0,0.0,0.0,0.0
135385,0.0,0.0,0.0,0.0,1.0,0.0,0.0
135386,0.0,0.0,0.0,0.0,0.0,0.0,0.0
135428,0.0,0.0,0.0,0.0,1.0,0.0,0.0
135431,0.0,0.0,0.0,0.0,0.0,0.0,0.0
135432,0.0,0.0,0.0,0.0,1.0,0.0,0.0
135433,0.0,0.0,0.0,0.0,0.0,0.0,0.0
135520,0.0,0.0,0.0,0.0,1.0,0.0,0.0
135524,0.0,0.0,0.0,0.0,0.0,0.0,0.0
135536,0.0,0.0,0.0,0.0,1.0,0.0,0.0
135539,0.0,0.0,0.0,0.0,0.0,0.0,0.0
135543,0.0,0.0,0.0,0.0,1.0,0.0,0.0
135545,0.0,0.0,0.0,0.0,0.0,0.0,0.0
135546,0.0,0.0,0.0,0.0,1.0,0.0,0.0
135547,0.0,0.0,0.0,0.0,0.0,0.0,0.0
135549,0.0,0.0,0.0,0.0,1.0,0.0,0.0
135551,0.0,0.0,0.0,0.0,0.0,0.0,0.0
137176,0.0,0.0,0.0,0.0,1.0,0.0,0.0
137178,0.0,0.0,0.0,0.0,0.0,0.0,0.0
137179,0.0,0.0,0.0,0.0,1.0,0.0,0.0
137181,0.0,0.0,0.0,0.0,0.0,0.0,0.0
137182,0.0,0.0,0.0,0.0,1.0,0.0,0.0
137183,0.0,0.0,0.0,0.0,0.0,0.0,0.0
143000,0.0,0.0,0.0,0.0,0.0,0.0,1.0
143001,0.0,0.0,0.0,0.0,0.0,0.0,0.0
143428,0.0,0.0,0.0,1.0,0.0,0.0,0.0
143429,0.0,0.0,0.0,0.0,0.0,0.0,0.0
143437,0.0,0.0,0.0,1.0,0.0,0.0,0.0
143440,0.0,0.0,0.0,1.0,1.0,0.0,0.0
143441,0.0,0.0,0.0,1.0,0.0,0.0,0.0
143454,0.0,0.0,0.0,0.0,0.0,0.0,0.0
143456,0.0,0.0,0.0,1.0,0.0,0.0,0.0
143478,0.0,0.0,0.0,2.0,0.0,1.0,0.0
143479,0.0,0.0,0.0,0.0,0.0,0.0,0.0
143792,0.0,0.0,0.0,0.0,1.0,0.0,0.0
143793,0.0,0.0,0.0,0.0,0.0,0.0,0.0
143815,0.0,0.0,1.0,0.0,0.0,0.0,0.0
143821,0.0,0.0,0.0,0.0,0.0,0.0,0.0
143822,0.0,0.0,1.0,0.0,0.0,0.0,0.0
143824,0.0,0.0,0.0,0.0,0.0,0.0,0.0
143825,0.0,0.0,1.0,0.0,0.0,0.0,0.0
143837,0.0,0.0,1.0,0.0,1.0,0.0,0.0
143838,0.0,0.0,1.0,0.0,0.0,0.0,0.0
143840,0.0,0.0,1.0,0.0,1.0,0.0,0.0
143841,0.0,0.0,1.0,0.0,0.0,0.0,0.0
143915,0.0,0.0,1.0,0.0,1.0,0.0,0.0
143917,0.0,0.0,1.0,0.0,2.0,0.0,0.0
143918,0.0,0.0,1.0,0.0,0.0,0.0,0.0
143995,0.0,0.0,2.0,0.0,0.0,0.0,0.0
143996,0.0,0.0,0.0,0.0,0.0,0.0,0.0
144031,0.0,0.0,0.0,1.0,0.0,1.0,0.0
144032,0.0,0.0,0.0,0.0,0.0,0.0,0.0
144268,0.0,0.0,0.0,0.0,1.0,0.0,0.0
144270,0.0,0.0,0.0,0.0,0.0,0.0,0.0
144274,0.0,0.0,0.0,0.0,1.0,0.0,0.0
144275,0.0,0.0,0.0,0.0,0.0,0.0,0.0
144296,0.0,0.0,1.0,0.0,0.0,0.0,0.0
144299,0.0,0.0,0.0,0.0,0.0,0.0,0.0
144300,0.0,0.0,1.0,0.0,0.0,0.0,0.0
144301,0.0,0.0,0.0,0.0,0.0,0.0,0.0
144302,0.0,0.0,1.0,0.0,0.0,0.0,0.0
144313,0.0,0.0,0.0,0.0,0.0,0.0,0.0
144330,0.0,0.0,1.0,0.0,0.0,0.0,0.0
144331,0.0,0.0,0.0,0.0,0.0,0.0,0.0
144359,0.0,0.0,1.0,0.0,0.0,0.0,0.0
144360,0.0,0.0,0.0,0.0,0.0,0.0,0.0
144363,0.0,0.0,1.0,0.0,0.0,0.0,0.0
144364,0.0,0.0,0.0,0.0,0.0,0.0,0.0
144365,0.0,0.0,1.0,0.0,0.0,0.0,0.0
144366,0.0,0.0,0.0,0.0,0.0,0.0,0.0
144371,0.0,0.0,1.0,0.0,0.0,0.0,0.0
144372,0.0,0.0,0.0,0.0,0.0,0.0,0.0
144747,0.0,0.0,0.0,0.0,1.0,0.0,0.0
144748,0.0,0.0,0.0,0.0,0.0,0.0,0.0
144767,0.0,0.0,0.0,0.0,1.0,0.0,0.0
144768,0.0,0.0,0.0,0.0,0.0,0.0,0.0
144773,0.0,0.0,0.0,0.0,1.0,0.0,0.0
144774,0.0,0.0,0.0,0.0,0.0,0.0,0.0
145694,0.0,0.0,0.0,0.0,1.0,0.0,0.0
145697,0.0,0.0,0.0,0.0,0.0,0.0,0.0
146448,0.0,0.0,0.0,0.0,1.0,0.0,0.0
146449,0.0,0.0,0.0,0.0,0.0,0.0,0.0
146476,0.0,0.0,0.0,0.0,1.0,0.0,0.0
146477,0.0,0.0,0.0,0.0,0.0,0.0,0.0
146479,0.0,0.0,0.0,0.0,1.0,0.0,0.0
146483,0.0,0.0,0.0,0.0,0.0,0.0,0.0
146555,0.0,0.0,0.0,0.0,1.0,0.0,0.0
146558,0.0,0.0,0.0,0.0,2.0,0.0,0.0
146559,0.0,0.0,0.0,0.0,0.0,0.0,0.0
146907,0.0,0.0,0.0,0.0,1.0,0.0,0.0
146910,0.0,0.0,0.0,0.0,2.0,0.0,0.0
146911,0.0,0.0,0.0,0.0,0.0,0.0,0.0
147789,0.0,0.0,0.0,0.0,1.0,0.0,0.0
147792,0.0,0.0,0.0,0.0,2.0,0.0,0.0
147793,0.0,0.0,0.0,0.0,0.0,0.0,0.0
147828,0.0,0.0,0.0,1.0,0.0,1.0,0.0
147829,0.0,0.0,0.0,0.0,0.0,0.0,0.0
148082,0.0,0.0,1.0,0.0,0.0,0.0,0.0
148083,0.0,0.0,0.0,0.0,0.0,0.0,0.0
148119,0.0,0.0,1.0,0.0,0.0,0.0,0.0
148120,0.0,0.0,0.0,0.0,0.0,0.0,0.0
148121,0.0,0.0,1.0,0.0,0.0,0.0,0.0
148130,0.0,0.0,1.0,0.0,1.0,0.0,0.0
148132,0.0,0.0,1.0,0.0,0.0,0.0,0.0
148133,0.0,0.0,1.0,0.0,1.0,0.0,0.0
148137,0.0,0.0,1.0,0.0,2.0,0.0,0.0
148138,0.0,0.0,1.0,0.0,0.0,0.0,0.0
148177,0.0,0.0,0.0,0.0,0.0,0.0,0.0
148350,0.0,0.0,0.0,0.0,1.0,0.0,0.0
148351,0.0,0.0,0.0,0.0,0.0,0.0,0.0
148706,0.0,0.0,0.0,0.0,1.0,0.0,0.0
148707,0.0,0.0,0.0,0.0,0.0,0.0,0.0
148749,0.0,0.0,0.0,0.0,1.0,0.0,0.0
148750,0.0,0.0,0.0,0.0,0.0,0.0,0.0
148752,0.0,0.0,0.0,0.0,1.0,0.0,0.0
148757,0.0,0.0,0.0,0.0,0.0,0.0,0.0
148758,0.0,0.0,0.0,0.0,1.0,0.0,0.0
148759,0.0,0.0,0.0,0.0,0.0,0.0,0.0
148760,0.0,0.0,0.0,0.0,1.0,0.0,0.0
148761,0.0,0.0,0.0,0.0,0.0,0.0,0.0
148810,0.0,0.0,0.0,0.0,1.0,0.0,0.0
148811,0.0,0.0,0.0,0.0,0.0,0.0,0.0
148813,0.0,0.0,0.0,0.0,1.0,0.0,0.0
148815,0.0,0.0,0.0,0.0,0.0,0.0,0.0
148816,0.0,0.0,0.0,0.0,1.0,0.0,0.0
148818,0.0,0.0,0.0,0.0,0.0,0.0,0.0
148819,0.0,0.0,0.0,0.0,1.0,0.0,0.0
148820,0.0,0.0,0.0,0.0,0.0,0.0,0.0
149012,0.0,0.0,0.0,0.0,1.0,0.0,0.0
149015,0.0,0.0,0.0,0.0,2.0,0.0,0.0
149016,0.0,0.0,0.0,0.0,0.0,0.0,0.0
149017,0.0,0.0,1.0,0.0,0.0,0.0,0.0
149018,0.0,0.0,0.0,0.0,0.0,0.0,0.0
149021,0.0,0.0,1.0,0.0,0.0,0.0,0.0
149040,0.0,0.0,0.0,0.0,0.0,0.0,0.0
149051,0.0,0.0,1.0,0.0,0.0,0.0,0.0
149052,0.0,0.0,0.0,0.0,0.0,0.0,0.0
149053,0.0,0.0,1.0,0.0,0.0,0.0,0.0
149061,0.0,0.0,0.0,0.0,0.0,0.0,0.0
149064,0.0,0.0,1.0,0.0,0.0,0.0,0.0
149075,0.0,0.0,0.0,0.0,0.0,0.0,0.0
149084,0.0,0.0,1.0,0.0,0.0,0.0,0.0
149085,0.0,0.0,0.0,0.0,0.0,0.0,0.0
149092,0.0,0.0,1.0,0.0,0.0,0.0,0.0
149099,0.0,0.0,0.0,0.0,0.0,0.0,0.0
149102,0.0,0.0,1.0,0.0,0.0,0.0,0.0
149103,0.0,0.0,0.0,0.0,0.0,0.0,0.0
149104,0.0,0.0,1.0,0.0,0.0,0.0,0.0
149105,0.0,0.0,0.0,0.0,0.0,0.0,0.0
149474,0.0,0.0,0.0,0.0,1.0,0.0,0.0
149475,0.0,0.0,0.0,0.0,0.0,0.0,0.0
149554,0.0,0.0,0.0,0.0,1.0,0.0,0.0
149557,0.0,0.0,0.0,0.0,0.0,0.0,0.0
149558,0.0,0.0,0.0,0.0,1.0,0.0,0.0
149559,0.0,0.0,0.0,0.0,0.0,0.0,0.0
149560,0.0,0.0,0.0,0.0,1.0,0.0,0.0
149561,0.0,0.0,0.0,0.0,0.0,0.0,0.0
149564,0.0,0.0,0.0,0.0,1.0,0.0,0.0
149565,0.0,0.0,0.0,0.0,0.0,0.0,0.0
151657,0.0,0.0,0.0,0.0,1.0,0.0,0.0
151658,0.0,0.0,0.0,1.0,1.0,0.0,0.0
151660,0.0,0.0,0.0,1.0,2.0,1.0,0.0
151661,0.0,0.0,0.0,0.0,0.0,0.0,0.0
151744,0.0,0.0,1.0,0.0,0.0,0.0,0.0
151745,0.0,0.0,0.0,0.0,0.0,0.0,0.0
151752,0.0,0.0,1.0,0.0,0.0,0.0,0.0
151753,0.0,0.0,0.0,0.0,0.0,0.0,0.0
151764,0.0,0.0,1.0,0.0,0.0,0.0,0.0
151776,0.0,0.0,0.0,0.0,0.0,0.0,0.0
151779,0.0,0.0,1.0,0.0,0.0,0.0,0.0
151793,0.0,0.0,0.0,0.0,0.0,0.0,0.0
151797,0.0,0.0,1.0,0.0,0.0,0.0,0.0
151798,0.0,0.0,0.0,0.0,0.0,0.0,0.0
151799,0.0,0.0,1.0,0.0,0.0,0.0,0.0
151802,0.0,0.0,0.0,0.0,0.0,0.0,0.0
151805,0.0,0.0,1.0,0.0,0.0,0.0,0.0
151807,0.0,0.0,0.0,0.0,0.0,0.0,0.0
151810,0.0,0.0,1.0,0.0,0.0,0.0,0.0
151811,0.0,0.0,0.0,0.0,0.0,0.0,0.0
151812,0.0,0.0,1.0,0.0,0.0,0.0,0.0
151824,0.0,0.0,0.0,0.0,0.0,0.0,0.0
151832,0.0,0.0,1.0,0.0,0.0,0.0,0.0
151833,0.0,0.0,0.0,0.0,0.0,0.0,0.0
151849,0.0,0.0,1.0,0.0,0.0,0.0,0.0
151850,0.0,0.0,0.0,0.0,0.0,0.0,0.0
151869,0.0,0.0,1.0,0.0,0.0,0.0,0.0
151872,0.0,0.0,0.0,0.0,0.0,0.0,0.0
151873,0.0,0.0,1.0,0.0,0.0,0.0,0.0
151876,0.0,0.0,0.0,0.0,0.0,0.0,0.0
151879,0.0,0.0,1.0,0.0,0.0,0.0,0.0
151880,0.0,0.0,0.0,0.0,0.0,0.0,0.0
151882,0.0,0.0,1.0,0.0,0.0,0.0,0.0
151885,0.0,0.0,0.0,0.0,0.0,0.0,0.0
151886,0.0,0.0,1.0,0.0,0.0,0.0,0.0
151906,0.0,0.0,0.0,0.0,0.0,0.0,0.0
151910,0.0,0.0,1.0,0.0,0.0,0.0,0.0
151932,0.0,0.0,0.0,0.0,0.0,0.0,0.0
151991,0.0,0.0,1.0,0.0,0.0,0.0,0.0
152005,0.0,0.0,0.0,0.0,0.0,0.0,0.0
152006,0.0,0.0,1.0,0.0,0.0,0.0,0.0
152009,0.0,0.0,0.0,0.0,0.0,0.0,0.0
152014,0.0,0.0,1.0,0.0,0.0,0.0,0.0
152017,0.0,0.0,0.0,0.0,0.0,0.0,0.0
152020,0.0,0.0,1.0,0.0,0.0,0.0,0.0
152022,0.0,0.0,0.0,0.0,0.0,0.0,0.0
152023,0.0,0.0,1.0,0.0,0.0,0.0,0.0
152030,0.0,0.0,0.0,0.0,0.0,0.0,0.0
152032,0.0,0.0,1.0,0.0,0.0,0.0,0.0
152035,0.0,0.0,0.0,0.0,0.0,0.0,0.0
152049,0.0,0.0,1.0,0.0,0.0,0.0,0.0
152064,0.0,0.0,0.0,0.0,0.0,0.0,0.0
152114,0.0,0.0,1.0,0.0,0.0,0.0,0.0
152115,0.0,0.0,0.0,0.0,0.0,0.0,0.0
152122,0.0,0.0,1.0,0.0,0.0,0.0,0.0
152124,0.0,0.0,0.0,0.0,0.0,0.0,0.0
152127,0.0,0.0,1.0,0.0,0.0,0.0,0.0
152162,0.0,0.0,0.0,0.0,0.0,0.0,0.0
152177,0.0,0.0,1.0,0.0,0.0,0.0,0.0
152179,0.0,0.0,0.0,0.0,0.0,0.0,0.0
152182,0.0,0.0,1.0,0.0,0.0,0.0,0.0
152183,0.0,0.0,0.0,0.0,0.0,0.0,0.0
155000,0.0,0.0,0.0,0.0,0.0,0.0,1.0
155001,0.0,0.0,0.0,0.0,0.0,0.0,0.0
155472,0.0,0.0,0.0,0.0,1.0,0.0,0.0
155473,0.0,0.0,0.0,0.0,0.0,0.0,0.0
155475,0.0,0.0,0.0,0.0,1.0,0.0,0.0
155476,0.0,0.0,0.0,0.0,0.0,0.0,0.0
155477,0.0,0.0,0.0,0.0,1.0,0.0,0.0
155478,0.0,0.0,0.0,0.0,0.0,0.0,0.0
155487,0.0,0.0,0.0,0.0,1.0,0.0,0.0
155488,0.0,0.0,0.0,0.0,0.0,0.0,0.0
155498,0.0,0.0,0.0,1.0,0.0,0.0,0.0
155499,0.0,0.0,0.0,0.0,0.0,0.0,0.0
155502,0.0,0.0,0.0,1.0,0.0,0.0,0.0
155504,0.0,0.0,0.0,1.0,1.0,0.0,0.0
155505,0.0,0.0,0.0,1.0,0.0,0.0,0.0
155511,0.0,0.0,0.0,0.0,0.0,0.0,0.0
155513,0.0,0.0,0.0,1.0,0.0,0.0,0.0
155515,0.0,0.0,0.0,0.0,0.0,0.0,0.0
155516,0.0,0.0,0.0,1.0,0.0,0.0,0.0
155523,0.0,0.0,0.0,0.0,0.0,0.0,0.0
155524,0.0,0.0,0.0,1.0,0.0,0.0,0.0
155532,0.0,0.0,0.0,1.0,1.0,0.0,0.0
155533,0.0,0.0,0.0,1.0,0.0,0.0,0.0
155544,0.0,0.0,0.0,2.0,1.0,1.0,0.0
155545,0.0,0.0,0.0,0.0,0.0,0.0,0.0
155775,0.0,0.0,1.0,0.0,0.0,0.0,0.0
155776,0.0,0.0,0.0,0.0,0.0,0.0,0.0
155806,0.0,0.0,1.0,0.0,0.0,0.0,0.0
155828,0.0,0.0,1.0,0.0,1.0,0.0,0.0
155829,0.0,0.0,1.0,0.0,0.0,0.0,0.0
155883,0.0,0.0,1.0,0.0,1.0,0.0,0.0
155884,0.0,0.0,1.0,0.0,0.0,0.0,0.0
155890,0.0,0.0,1.0,0.0,1.0,0.0,0.0
155891,0.0,0.0,1.0,0.0,0.0,0.0,0.0
155892,0.0,0.0,1.0,0.0,1.0,0.0,0.0
155893,0.0,0.0,1.0,0.0,0.0,0.0,0.0
155912,0.0,0.0,1.0,0.0,1.0,0.0,0.0
155913,0.0,0.0,1.0,0.0,0.0,0.0,0.0
155915,0.0,0.0,2.0,0.0,1.0,0.0,0.0
155916,0.0,0.0,0.0,0.0,0.0,0.0,0.0
155925,0.0,0.0,0.0,1.0,1.0,0.0,0.0
155926,0.0,0.0,0.0,0.0,0.0,0.0,0.0
155933,0.0,0.0,0.0,1.0,0.0,0.0,0.0
155934,0.0,0.0,0.0,1.0,1.0,0.0,0.0
155937,0.0,0.0,0.0,1.0,2.0,1.0,0.0
155938,0.0,0.0,0.0,0.0,0.0,0.0,0.0
156034,0.0,0.0,1.0,0.0,0.0,0.0,0.0
156037,0.0,0.0,0.0,0.0,0.0,0.0,0.0
156044,0.0,0.0,1.0,0.0,0.0,0.0,0.0
156053,0.0,0.0,0.0,0.0,0.0,0.0,0.0
156686,0.0,0.0,0.0,0.0,1.0,0.0,0.0
156687,0.0,0.0,0.0,0.0,0.0,0.0,0.0
156689,0.0,0.0,0.0,0.0,1.0,0.0,0.0
156690,0.0,0.0,0.0,0.0,0.0,0.0,0.0
156695,0.0,0.0,0.0,0.0,1.0,0.0,0.0
156699,0.0,0.0,0.0,0.0,0.0,0.0,0.0
156701,0.0,0.0,0.0,0.0,1.0,0.0,0.0
156703,0.0,0.0,0.0,0.0,0.0,0.0,0.0
156704,0.0,0.0,0.0,0.0,1.0,0.0,0.0
156705,0.0,0.0,0.0,1.0,1.0,0.0,0.0
156706,0.0,0.0,0.0,0.0,0.0,0.0,0.0
156747,0.0,0.0,1.0,0.0,0.0,0.0,0.0
156748,0.0,0.0,0.0,0.0,0.0,0.0,0.0
156749,0.0,0.0,1.0,0.0,0.0,0.0,0.0
156750,0.0,0.0,0.0,0.0,0.0,0.0,0.0
156753,0.0,0.0,1.0,0.0,0.0,0.0,0.0
156754,0.0,0.0,0.0,0.0,0.0,0.0,0.0
156755,0.0,0.0,1.0,0.0,0.0,0.0,0.0
156756,0.0,0.0,0.0,0.0,0.0,0.0,0.0
156757,0.0,0.0,1.0,0.0,0.0,0.0,0.0
156758,0.0,0.0,0.0,0.0,0.0,0.0,0.0
157037,0.0,0.0,0.0,1.0,0.0,0.0,0.0
157038,0.0,0.0,0.0,0.0,0.0,0.0,0.0
157040,0.0,0.0,0.0,1.0,0.0,0.0,0.0
157044,0.0,0.0,0.0,0.0,0.0,0.0,0.0
157049,0.0,0.0,0.0,1.0,0.0,0.0,0.0
157050,0.0,0.0,0.0,1.0,1.0,0.0,0.0
157052,0.0,0.0,1.0,1.0,1.0,0.0,0.0
157053,0.0,0.0,0.0,1.0,1.0,0.0,0.0
157054,0.0,0.0,0.0,1.0,0.0,0.0,0.0
157055,0.0,0.0,0.0,0.0,0.0,0.0,0.0
157057,0.0,0.0,0.0,1.0,1.0,0.0,0.0
157058,0.0,0.0,1.0,1.0,1.0,0.0,0.0
157059,0.0,0.0,0.0,0.0,0.0,0.0,0.0
157064,0.0,0.0,1.0,0.0,0.0,0.0,0.0
157065,0.0,0.0,0.0,0.0,0.0,0.0,0.0
157066,0.0,0.0,1.0,0.0,0.0,0.0,0.0
157068,0.0,0.0,1.0,1.0,1.0,0.0,0.0
157070,0.0,0.0,1.0,1.0,0.0,0.0,0.0
157071,0.0,0.0,1.0,0.0,0.0,0.0,0.0
157073,0.0,0.0,1.0,1.0,0.0,0.0,0.0
157074,0.0,0.0,1.0,1.0,1.0,0.0,0.0
157075,0.0,0.0,1.0,1.0,0.0,0.0,0.0
157076,0.0,0.0,1.0,0.0,0.0,0.0,0.0
157106,0.0,0.0,0.0,0.0,0.0,0.0,0.0
157113,0.0,0.0,1.0,0.0,0.0,0.0,0.0
157114,0.0,0.0,0.0,0.0,0.0,0.0,0.0
157127,0.0,0.0,1.0,0.0,0.0,0.0,0.0
157128,0.0,0.0,0.0,0.0,0.0,0.0,0.0
157136,0.0,0.0,1.0,0.0,0.0,0.0,0.0
157139,0.0,0.0,0.0,0.0,0.0,0.0,0.0
157144,0.0,0.0,1.0,0.0,0.0,0.0,0.0
157147,0.0,0.0,0.0,0.0,0.0,0.0,0.0
157148,0.0,0.0,1.0,0.0,0.0,0.0,0.0
157151,0.0,0.0,0.0,0.0,0.0,0.0,0.0
157152,0.0,0.0,1.0,0.0,0.0,0.0,0.0
157153,0.0,0.0,0.0,0.0,0.0,0.0,0.0
157154,0.0,0.0,1.0,0.0,0.0,0.0,0.0
157159,0.0,0.0,0.0,0.0,0.0,0.0,0.0
157160,0.0,0.0,1.0,0.0,0.0,0.0,0.0
157161,0.0,0.0,0.0,0.0,0.0,0.0,0.0
157164,0.0,0.0,1.0,0.0,0.0,0.0,0.0
157202,0.0,0.0,0.0,0.0,0.0,0.0,0.0
157713,0.0,0.0,0.0,0.0,1.0,0.0,0.0
157714,0.0,0.0,0.0,0.0,0.0,0.0,0.0
157724,0.0,0.0,1.0,0.0,0.0,0.0,0.0
157725,0.0,0.0,0.0,0.0,0.0,0.0,0.0
157726,0.0,0.0,1.0,0.0,0.0,0.0,0.0
157731,0.0,0.0,0.0,0.0,0.0,0.0,0.0
157751,0.0,0.0,1.0,0.0,0.0,0.0,0.0
157760,0.0,0.0,0.0,0.0,0.0,0.0,0.0
157761,0.0,0.0,1.0,0.0,0.0,0.0,0.0
157762,0.0,0.0,0.0,0.0,0.0,0.0,0.0
158316,0.0,0.0,0.0,0.0,1.0,0.0,0.0
158317,0.0,0.0,0.0,0.0,0.0,0.0,0.0
158508,0.0,0.0,0.0,0.0,1.0,0.0,0.0
158509,0.0,0.0,0.0,0.0,0.0,0.0,0.0
158964,0.0,0.0,0.0,0.0,1.0,0.0,0.0
158965,0.0,0.0,0.0,0.0,0.0,0.0,0.0
158969,0.0,0.0,0.0,0.0,1.0,0.0,0.0
158973,0.0,0.0,0.0,0.0,2.0,0.0,0.0
158974,0.0,0.0,1.0,0.0,0.0,0.0,0.0
159206,0.0,0.0,1.0,0.0,1.0,0.0,0.0
159207,0.0,0.0,1.0,0.0,0.0,0.0,0.0
160047,0.0,0.0,1.0,0.0,1.0,0.0,0.0
160048,0.0,0.0,1.0,0.0,0.0,0.0,0.0
160050,0.0,0.0,1.0,0.0,1.0,0.0,0.0
160053,0.0,0.0,1.0,0.0,0.0,0.0,0.0
160057,0.0,0.0,1.0,0.0,1.0,0.0,0.0
160058,0.0,0.0,1.0,0.0,0.0,0.0,0.0
160060,0.0,0.0,1.0,0.0,1.0,0.0,0.0
160061,0.0,0.0,1.0,0.0,0.0,0.0,0.0
160594,0.0,0.0,1.0,0.0,1.0,0.0,0.0
160596,0.0,0.0,1.0,0.0,0.0,0.0,0.0
160597,0.0,0.0,1.0,0.0,1.0,0.0,0.0
160598,0.0,0.0,1.0,0.0,0.0,0.0,0.0
160614,0.0,0.0,1.0,0.0,1.0,0.0,0.0
160616,0.0,0.0,1.0,0.0,0.0,0.0,0.0
160617,0.0,0.0,1.0,0.0,1.0,0.0,0.0
160618,0.0,0.0,1.0,0.0,0.0,0.0,0.0
160829,0.0,0.0,1.0,0.0,1.0,0.0,0.0
160830,0.0,0.0,1.0,0.0,0.0,0.0,0.0
161241,0.0,0.0,0.0,0.0,0.0,0.0,0.0
161242,0.0,0.0,1.0,0.0,0.0,0.0,0.0
161243,0.0,0.0,0.0,0.0,0.0,0.0,0.0
161365,0.0,0.0,0.0,0.0,1.0,0.0,0.0
161367,0.0,0.0,0.0,0.0,0.0,0.0,0.0
161677,0.0,0.0,0.0,0.0,1.0,0.0,0.0
161678,0.0,0.0,0.0,0.0,0.0,0.0,0.0
161679,0.0,0.0,0.0,0.0,1.0,0.0,0.0
161680,0.0,0.0,0.0,0.0,0.0,0.0,0.0
161681,0.0,0.0,0.0,0.0,1.0,0.0,0.0
161682,0.0,0.0,0.0,0.0,0.0,0.0,0.0
161683,0.0,0.0,0.0,0.0,1.0,0.0,0.0
161684,0.0,0.0,0.0,0.0,0.0,0.0,0.0
164428,0.0,0.0,0.0,0.0,1.0,0.0,0.0
164429,0.0,0.0,0.0,0.0,0.0,0.0,0.0
165762,0.0,0.0,0.0,0.0,1.0,0.0,0.0
165765,0.0,0.0,0.0,0.0,0.0,0.0,0.0
167000,0.0,0.0,0.0,0.0,0.0,0.0,1.0
167001,0.0,0.0,0.0,0.0,0.0,0.0,0.0
167333,0.0,0.0,0.0,0.0,1.0,0.0,0.0
167334,0.0,0.0,0.0,0.0,0.0,0.0,0.0
167343,0.0,0.0,0.0,0.0,1.0,0.0,0.0
167344,0.0,0.0,0.0,0.0,2.0,0.0,0.0
167345,0.0,0.0,0.0,0.0,0.0,0.0,0.0
167599,0.0,0.0,0.0,1.0,1.0,1.0,0.0
167600,0.0,0.0,0.0,0.0,0.0,0.0,0.0
167843,0.0,0.0,1.0,0.0,0.0,0.0,0.0
167851,0.0,0.0,0.0,0.0,0.0,0.0,0.0
167863,0.0,0.0,1.0,0.0,0.0,0.0,0.0
167864,0.0,0.0,0.0,0.0,0.0,0.0,0.0
167865,0.0,0.0,1.0,0.0,0.0,0.0,0.0
167866,0.0,0.0,0.0,0.0,0.0,0.0,0.0
167868,0.0,0.0,1.0,0.0,0.0,0.0,0.0
167869,0.0,0.0,0.0,0.0,0.0,0.0,0.0
167875,0.0,0.0,1.0,0.0,0.0,0.0,0.0
167876,0.0,0.0,0.0,0.0,0.0,0.0,0.0
167879,0.0,0.0,1.0,0.0,0.0,0.0,0.0
167890,0.0,0.0,1.0,0.0,1.0,0.0,0.0
167891,0.0,0.0,1.0,0.0,0.0,0.0,0.0
167902,0.0,0.0,1.0,0.0,1.0,0.0,0.0
167903,0.0,0.0,1.0,0.0,0.0,0.0,0.0
167914,0.0,0.0,1.0,0.0,1.0,0.0,0.0
167915,0.0,0.0,1.0,0.0,0.0,0.0,0.0
167916,0.0,0.0,1.0,0.0,1.0,0.0,0.0
167922,0.0,0.0,1.0,0.0,2.0,0.0,0.0
167923,0.0,0.0,1.0,0.0,0.0,0.0,0.0
168042,0.0,0.0,2.0,0.0,0.0,0.0,0.0
168043,0.0,0.0,0.0,0.0,0.0,0.0,0.0
168046,0.0,0.0,0.0,1.0,0.0,1.0,0.0
168047,0.0,0.0,0.0,0.0,0.0,0.0,0.0
168083,0.0,0.0,1.0,0.0,0.0,0.0,0.0
168094,0.0,0.0,2.0,0.0,0.0,0.0,0.0
168095,0.0,0.0,0.0,0.0,0.0,0.0,0.0
168097,0.0,0.0,0.0,1.0,0.0,0.0,0.0
168099,0.0,0.0,0.0,0.0,0.0,0.0,0.0
168100,0.0,0.0,0.0,1.0,0.0,0.0,0.0
168108,0.0,0.0,0.0,2.0,0.0,1.0,0.0
168109,0.0,0.0,0.0,0.0,0.0,0.0,0.0
168469,0.0,0.0,0.0,0.0,1.0,0.0,0.0
168470,0.0,0.0,0.0,0.0,0.0,0.0,0.0
168471,0.0,0.0,0.0,0.0,1.0,0.0,0.0
168472,0.0,0.0,0.0,0.0,0.0,0.0,0.0
168477,0.0,0.0,0.0,0.0,1.0,0.0,0.0
168480,0.0,0.0,0.0,0.0,2.0,0.0,0.0
168481,0.0,0.0,1.0,0.0,0.0,0.0,0.0
168483,0.0,0.0,1.0,1.0,0.0,1.0,0.0
168484,0.0,0.0,0.0,0.0,0.0,0.0,0.0
168569,0.0,0.0,1.0,0.0,0.0,0.0,0.0
168570,0.0,0.0,0.0,0.0,0.0,0.0,0.0
168573,0.0,0.0,1.0,0.0,0.0,0.0,0.0
168574,0.0,0.0,0.0,0.0,0.0,0.0,0.0
168577,0.0,0.0,1.0,0.0,0.0,0.0,0.0
168580,0.0,0.0,0.0,0.0,0.0,0.0,0.0
168581,0.0,0.0,1.0,0.0,0.0,0.0,0.0
168582,0.0,0.0,0.0,0.0,0.0,0.0,0.0
168622,0.0,0.0,1.0,0.0,0.0,0.0,0.0
168623,0.0,0.0,0.0,0.0,0.0,0.0,0.0
168647,0.0,0.0,1.0,0.0,0.0,0.0,0.0
168648,0.0,0.0,0.0,0.0,0.0,0.0,0.0
168649,0.0,0.0,1.0,0.0,0.0,0.0,0.0
168654,0.0,0.0,0.0,0.0,0.0,0.0,0.0
168657,0.0,0.0,1.0,0.0,0.0,0.0,0.0
168658,0.0,0.0,0.0,0.0,0.0,0.0,0.0
168659,0.0,0.0,1.0,0.0,0.0,0.0,0.0
168698,0.0,0.0,0.0,0.0,0.0,0.0,0.0
168699,0.0,0.0,1.0,0.0,0.0,0.0,0.0
168700,0.0,0.0,0.0,0.0,0.0,0.0,0.0
168701,0.0,0.0,1.0,0.0,0.0,0.0,0.0
168714,0.0,0.0,0.0,0.0,0.0,0.0,0.0
168732,0.0,0.0,1.0,0.0,0.0,0.0,0.0
168743,0.0,0.0,0.0,0.0,0.0,0.0,0.0
168745,0.0,0.0,1.0,0.0,0.0,0.0,0.0
169508,0.0,0.0,0.0,0.0,0.0,0.0,0.0
169509,0.0,0.0,1.0,0.0,0.0,0.0,0.0
169510,0.0,0.0,0.0,0.0,0.0,0.0,0.0
170534,0.0,0.0,0.0,0.0,1.0,0.0,0.0
170537,0.0,0.0,0.0,0.0,0.0,0.0,0.0
171099,0.0,0.0,0.0,0.0,1.0,0.0,0.0
171100,0.0,0.0,0.0,0.0,0.0,0.0,0.0
171102,0.0,0.0,0.0,0.0,1.0,0.0,0.0
171103,0.0,0.0,0.0,0.0,0.0,0.0,0.0
171170,0.0,0.0,0.0,0.0,1.0,0.0,0.0
171174,0.0,0.0,0.0,0.0,2.0,0.0,0.0
171175,0.0,0.0,0.0,0.0,0.0,0.0,0.0
171599,0.0,0.0,0.0,0.0,1.0,0.0,0.0
171602,0.0,0.0,0.0,0.0,2.0,0.0,0.0
171603,0.0,0.0,0.0,0.0,0.0,0.0,0.0
172683,0.0,0.0,0.0,0.0,1.0,0.0,0.0
172684,0.0,0.0,0.0,0.0,0.0,0.0,0.0
172686,0.0,0.0,0.0,0.0,1.0,0.0,0.0
172687,0.0,0.0,0.0,0.0,0.0,0.0,0.0
172763,0.0,0.0,0.0,0.0,1.0,0.0,0.0
172764,0.0,0.0,0.0,0.0,0.0,0.0,0.0
173251,0.0,0.0,0.0,0.0,1.0,0.0,0.0
173252,0.0,0.0,0.0,0.0,0.0,0.0,0.0
173254,0.0,0.0,0.0,0.0,1.0,0.0,0.0
173255,0.0,0.0,0.0,0.0,0.0,0.0,0.0
173272,0.0,0.0,0.0,0.0,1.0,0.0,0.0
173275,0.0,0.0,0.0,0.0,2.0,0.0,0.0
173276,0.0,0.0,0.0,0.0,0.0,0.0,0.0
176858,0.0,0.0,0.0,0.0,1.0,0.0,0.0
176861,0.0,0.0,0.0,0.0,2.0,0.0,0.0
176862,0.0,0.0,0.0,0.0,0.0,0.0,0.0
178735,0.0,0.0,0.0,0.0,1.0,0.0,0.0
178736,0.0,0.0,0.0,0.0,0.0,0.0,0.0
179000,0.0,0.0,0.0,0.0,0.0,0.0,1.0
179001,0.0,0.0,0.0,0.0,0.0,0.0,0.0
179204,0.0,0.0,0.0,0.0,1.0,0.0,0.0
179207,0.0,0.0,0.0,0.0,0.0,0.0,0.0
179254,0.0,0.0,0.0,0.0,1.0,0.0,0.0
179256,0.0,0.0,0.0,0.0,0.0,0.0,0.0
179259,0.0,0.0,0.0,0.0,1.0,0.0,0.0
179260,0.0,0.0,0.0,0.0,0.0,0.0,0.0
179262,0.0,0.0,0.0,0.0,1.0,0.0,0.0
179263,0.0,0.0,0.0,0.0,0.0,0.0,0.0
179456,0.0,0.0,0.0,1.0,0.0,0.0,0.0
179458,0.0,0.0,0.0,0.0,0.0,0.0,0.0
179460,0.0,0.0,0.0,1.0,0.0,0.0,0.0
179463,0.0,0.0,0.0,1.0,1.0,0.0,0.0
179464,0.0,0.0,0.0,1.0,0.0,0.0,0.0
179479,0.0,0.0,0.0,1.0,1.0,0.0,0.0
179482,0.0,0.0,0.0,1.0,0.0,0.0,0.0
179485,0.0,0.0,0.0,1.0,1.0,0.0,0.0
179486,0.0,0.0,0.0,1.0,2.0,1.0,0.0
179487,0.0,0.0,0.0,0.0,0.0,0.0,0.0
179526,0.0,0.0,1.0,0.0,0.0,0.0,0.0
179532,0.0,0.0,1.0,1.0,0.0,0.0,0.0
179533,0.0,0.0,1.0,0.0,0.0,0.0,0.0
179633,0.0,0.0,0.0,0.0,0.0,0.0,0.0
179643,0.0,0.0,1.0,0.0,0.0,0.0,0.0
179644,0.0,0.0,0.0,0.0,0.0,0.0,0.0
179687,0.0,0.0,1.0,0.0,0.0,0.0,0.0
179710,0.0,0.0,1.0,0.0,1.0,0.0,0.0
179711,0.0,0.0,1.0,0.0,0.0,0.0,0.0
179861,0.0,0.0,1.0,0.0,1.0,0.0,0.0
179869,0.0,0.0,1.0,0.0,0.0,0.0,0.0
179875,0.0,0.0,1.0,0.0,1.0,0.0,0.0
179876,0.0,0.0,1.0,0.0,0.0,0.0,0.0
179880,0.0,0.0,1.0,0.0,1.0,0.0,0.0
179883,0.0,0.0,1.0,0.0,2.0,1.0,0.0
179884,0.0,0.0,0.0,0.0,0.0,0.0,0.0
179939,0.0,0.0,1.0,0.0,0.0,0.0,0.0
179945,0.0,0.0,0.0,0.0,0.0,0.0,0.0
179946,0.0,0.0,1.0,0.0,0.0,0.0,0.0
179947,0.0,0.0,0.0,0.0,0.0,0.0,0.0
179952,0.0,0.0,1.0,0.0,0.0,0.0,0.0
179953,0.0,0.0,0.0,0.0,0.0,0.0,0.0
179965,0.0,0.0,1.0,0.0,0.0,0.0,0.0
180005,0.0,0.0,0.0,0.0,0.0,0.0,0.0
180006,0.0,0.0,1.0,0.0,0.0,0.0,0.0
180007,0.0,0.0,0.0,0.0,0.0,0.0,0.0
180009,0.0,0.0,1.0,0.0,0.0,0.0,0.0
180381,0.0,0.0,1.0,0.0,1.0,0.0,0.0
180382,0.0,0.0,1.0,0.0,0.0,0.0,0.0
180814,0.0,0.0,1.0,0.0,1.0,0.0,0.0
180817,0.0,0.0,1.0,0.0,2.0,0.0,0.0
180818,0.0,0.0,1.0,0.0,0.0,0.0,0.0
181226,0.0,0.0,1.0,0.0,1.0,0.0,0.0
181227,0.0,0.0,1.0,0.0,0.0,0.0,0.0
181229,0.0,0.0,1.0,0.0,1.0,0.0,0.0
181231,0.0,0.0,1.0,0.0,0.0,0.0,0.0
181242,0.0,0.0,1.0,0.0,1.0,0.0,0.0
181245,0.0,0.0,1.0,0.0,2.0,0.0,0.0
181246,0.0,0.0,1.0,0.0,0.0,0.0,0.0
182325,0.0,0.0,1.0,0.0,1.0,0.0,0.0
182326,0.0,0.0,1.0,0.0,0.0,0.0,0.0
182330,0.0,0.0,1.0,0.0,1.0,0.0,0.0
182332,0.0,0.0,1.0,0.0,0.0,0.0,0.0
183767,0.0,0.0,1.0,0.0,1.0,0.0,0.0
183768,0.0,0.0,1.0,0.0,0.0,0.0,0.0
184440,0.0,0.0,1.0,0.0,1.0,0.0,0.0
184441,0.0,0.0,1.0,0.0,0.0,0.0,0.0
184482,0.0,0.0,1.0,0.0,1.0,0.0,0.0
184483,0.0,0.0,1.0,0.0,0.0,0.0,0.0
184686,0.0,0.0,1.0,0.0,1.0,0.0,0.0
184690,0.0,0.0,1.0,0.0,2.0,0.0,0.0
184691,0.0,0.0,1.0,0.0,0.0,0.0,0.0
185643,0.0,0.0,1.0,0.0,1.0,0.0,0.0
185644,0.0,0.0,1.0,0.0,0.0,0.0,0.0
185997,0.0,0.0,0.0,0.0,0.0,0.0,0.0
186179,0.0,0.0,0.0,0.0,1.0,0.0,0.0
186180,0.0,0.0,0.0,0.0,0.0,0.0,0.0
186181,0.0,0.0,0.0,0.0,1.0,0.0,0.0
186182,0.0,0.0,0.0,0.0,0.0,0.0,0.0
187196,0.0,0.0,0.0,0.0,1.0,0.0,0.0
187197,0.0,0.0,0.0,0.0,0.0,0.0,0.0
191000,0.0,0.0,0.0,0.0,0.0,0.0,1.0
191001,0.0,0.0,0.0,0.0,0.0,0.0,0.0
191070,0.0,0.0,0.0,0.0,1.0,0.0,0.0
191071,0.0,0.0,0.0,0.0,0.0,0.0,0.0
191364,0.0,0.0,0.0,0.0,1.0,0.0,0.0
191365,0.0,0.0,0.0,0.0,0.0,0.0,0.0
191537,0.0,0.0,0.0,0.0,1.0,0.0,0.0
191538,0.0,0.0,0.0,0.0,0.0,0.0,0.0
191564,0.0,0.0,0.0,0.0,1.0,0.0,0.0
191565,0.0,0.0,0.0,0.0,0.0,0.0,0.0
191571,0.0,0.0,0.0,0.0,1.0,0.0,0.0
191574,0.0,0.0,0.0,0.0,2.0,0.0,0.0
191575,0.0,0.0,0.0,0.0,0.0,0.0,0.0
191609,0.0,0.0,0.0,1.0,0.0,1.0,0.0
191610,0.0,0.0,0.0,0.0,0.0,0.0,0.0
191853,0.0,0.0,0.0,0.0,1.0,0.0,0.0
191854,0.0,0.0,0.0,0.0,0.0,0.0,0.0
191855,0.0,0.0,0.0,0.0,1.0,0.0,0.0
191856,0.0,0.0,0.0,0.0,0.0,0.0,0.0
191970,0.0,0.0,1.0,0.0,0.0,0.0,0.0
191971,0.0,0.0,0.0,0.0,0.0,0.0,0.0
191972,0.0,0.0,1.0,0.0,0.0,0.0,0.0
191973,0.0,0.0,0.0,0.0,0.0,0.0,0.0
191983,0.0,0.0,1.0,0.0,0.0,0.0,0.0
191984,0.0,0.0,0.0,0.0,0.0,0.0,0.0
191985,0.0,0.0,1.0,0.0,0.0,0.0,0.0
191986,0.0,0.0,0.0,0.0,0.0,0.0,0.0
191988,0.0,0.0,1.0,0.0,0.0,0.0,0.0
191989,0.0,0.0,0.0,0.0,0.0,0.0,0.0
191992,0.0,0.0,1.0,0.0,0.0,0.0,0.0
191993,0.0,0.0,0.0,0.0,0.0,0.0,0.0
191994,0.0,0.0,1.0,0.0,0.0,0.0,0.0
192000,0.0,0.0,0.0,0.0,0.0,0.0,0.0
192012,0.0,0.0,1.0,0.0,0.0,0.0,0.0
192016,0.0,0.0,1.0,0.0,1.0,0.0,0.0
192019,0.0,0.0,1.0,0.0,0.0,0.0,0.0
192021,0.0,0.0,1.0,0.0,1.0,0.0,0.0
192027,0.0,0.0,1.0,0.0,0.0,0.0,0.0
192038,0.0,0.0,0.0,0.0,0.0,0.0,0.0
192041,0.0,0.0,1.0,0.0,0.0,0.0,0.0
192069,0.0,0.0,0.0,0.0,0.0,0.0,0.0
192074,0.0,0.0,1.0,0.0,0.0,0.0,0.0
192075,0.0,0.0,0.0,0.0,0.0,0.0,0.0
192079,0.0,0.0,1.0,0.0,0.0,0.0,0.0
192080,0.0,0.0,0.0,0.0,0.0,0.0,0.0
192081,0.0,0.0,1.0,0.0,0.0,0.0,0.0
192089,0.0,0.0,1.0,0.0,1.0,0.0,0.0
192094,0.0,0.0,1.0,0.0,2.0,0.0,0.0
192095,0.0,0.0,1.0,0.0,0.0,0.0,0.0
192449,0.0,0.0,1.0,0.0,1.0,0.0,0.0
192450,0.0,0.0,1.0,0.0,0.0,0.0,0.0
194754,0.0,0.0,1.0,0.0,1.0,0.0,0.0
194758,0.0,0.0,1.0,0.0,0.0,0.0,0.0
194778,0.0,0.0,1.0,0.0,1.0,0.0,0.0
194779,0.0,0.0,1.0,0.0,0.0,0.0,0.0
194813,0.0,0.0,1.0,0.0,1.0,0.0,0.0
194814,0.0,0.0,1.0,0.0,0.0,0.0,0.0
194815,0.0,0.0,1.0,0.0,1.0,0.0,0.0
194818,0.0,0.0,1.0,0.0,2.0,0.0,0.0
194819,0.0,0.0,1.0,0.0,0.0,0.0,0.0
195210,0.0,0.0,1.0,0.0,1.0,0.0,0.0
195213,0.0,0.0,1.0,0.0,0.0,0.0,0.0
195797,0.0,2.0,1.0,0.0,0.0,0.0,0.0
195798,0.0,0.0,1.0,0.0,0.0,0.0,0.0
196038,0.0,0.0,2.0,0.0,0.0,0.0,0.0
196039,0.0,0.0,0.0,0.0,0.0,0.0,0.0
196086,0.0,0.0,1.0,0.0,0.0,0.0,0.0
196087,0.0,0.0,0.0,0.0,0.0,0.0,0.0
196088,0.0,0.0,1.0,0.0,0.0,0.0,0.0
196089,0.0,0.0,0.0,0.0,0.0,0.0,0.0
196109,0.0,0.0,1.0,0.0,0.0,0.0,0.0
196110,0.0,0.0,0.0,0.0,0.0,0.0,0.0
196111,0.0,0.0,1.0,0.0,0.0,0.0,0.0
196119,0.0,0.0,0.0,0.0,0.0,0.0,0.0
196120,0.0,0.0,1.0,0.0,0.0,0.0,0.0
196123,0.0,0.0,0.0,0.0,0.0,0.0,0.0
196128,0.0,0.0,1.0,0.0,0.0,0.0,0.0
196131,0.0,0.0,0.0,0.0,0.0,0.0,0.0
196170,0.0,0.0,1.0,0.0,0.0,0.0,0.0
196171,0.0,0.0,0.0,0.0,0.0,0.0,0.0
196192,0.0,0.0,1.0,0.0,0.0,0.0,0.0
196195,0.0,0.0,0.0,0.0,0.0,0.0,0.0
196235,0.0,0.0,1.0,0.0,0.0,0.0,0.0
196236,0.0,0.0,0.0,0.0,0.0,0.0,0.0
196237,0.0,0.0,1.0,0.0,0.0,0.0,0.0
196247,0.0,0.0,0.0,0.0,0.0,0.0,0.0
196248,0.0,0.0,1.0,0.0,0.0,0.0,0.0
196249,0.0,0.0,0.0,0.0,0.0,0.0,0.0
196258,0.0,0.0,1.0,0.0,0.0,0.0,0.0
196259,0.0,0.0,0.0,0.0,0.0,0.0,0.0
196364,0.0,0.0,1.0,0.0,0.0,0.0,0.0
196367,0.0,0.0,0.0,0.0,0.0,0.0,0.0
196378,0.0,0.0,1.0,0.0,0.0,0.0,0.0
196379,0.0,0.0,0.0,0.0,0.0,0.0,0.0
196382,0.0,0.0,1.0,0.0,0.0,0.0,0.0
197194,0.0,0.0,0.0,0.0,0.0,0.0,0.0
197195,0.0,0.0,1.0,0.0,0.0,0.0,0.0
197196,0.0,0.0,0.0,0.0,0.0,0.0,0.0
197201,0.0,0.0,1.0,0.0,0.0,0.0,0.0
197208,0.0,0.0,0.0,0.0,0.0,0.0,0.0
198849,0.0,0.0,0.0,1.0,0.0,0.0,0.0
198850,0.0,0.0,0.0,0.0,0.0,0.0,0.0
201194,0.0,0.0,0.0,0.0,1.0,0.0,0.0
201195,0.0,0.0,0.0,0.0,0.0,0.0,0.0
203000,0.0,0.0,0.0,0.0,0.0,0.0,1.0
203001,0.0,0.0,0.0,0.0,0.0,0.0,0.0
203230,0.0,0.0,0.0,0.0,1.0,0.0,0.0
203233,0.0,0.0,0.0,0.0,0.0,0.0,0.0
203235,0.0,0.0,0.0,0.0,1.0,0.0,0.0
203236,0.0,0.0,0.0,0.0,0.0,0.0,0.0
203240,0.0,0.0,0.0,0.0,1.0,0.0,0.0
203243,0.0,0.0,0.0,0.0,0.0,0.0,0.0
203255,0.0,0.0,0.0,0.0,1.0,0.0,0.0
203258,0.0,0.0,0.0,0.0,0.0,0.0,0.0
203259,0.0,0.0,0.0,0.0,1.0,0.0,0.0
203260,0.0,0.0,0.0,0.0,0.0,0.0,0.0
203262,0.0,0.0,0.0,0.0,1.0,0.0,0.0
203263,0.0,0.0,0.0,0.0,0.0,0.0,0.0
203481,0.0,0.0,0.0,1.0,1.0,0.0,0.0
203482,0.0,0.0,0.0,1.0,0.0,0.0,0.0
203483,0.0,0.0,0.0,1.0,1.0,0.0,0.0
203484,0.0,0.0,0.0,1.0,2.0,1.0,0.0
203485,0.0,0.0,0.0,0.0,0.0,0.0,0.0
203560,0.0,0.0,1.0,0.0,0.0,0.0,0.0
203561,0.0,0.0,0.0,0.0,0.0,0.0,0.0
203742,0.0,0.0,1.0,0.0,1.0,0.0,0.0
203744,0.0,0.0,1.0,0.0,0.0,0.0,0.0
203745,0.0,0.0,1.0,0.0,1.0,0.0,0.0
203746,0.0,0.0,1.0,0.0,0.0,0.0,0.0
203748,0.0,0.0,1.0,1.0,1.0,0.0,0.0
203749,0.0,0.0,1.0,0.0,0.0,0.0,0.0
203752,0.0,0.0,1.0,1.0,0.0,0.0,0.0
203753,0.0,0.0,1.0,0.0,0.0,0.0,0.0
203757,0.0,0.0,1.0,1.0,1.0,0.0,0.0
203758,0.0,0.0,1.0,0.0,0.0,0.0,0.0
203759,0.0,0.0,1.0,1.0,0.0,0.0,0.0
203760,0.0,0.0,1.0,1.0,1.0,0.0,0.0
203761,0.0,0.0,1.0,1.0,0.0,0.0,0.0
203762,0.0,0.0,1.0,0.0,0.0,0.0,0.0
204026,0.0,0.0,0.0,0.0,0.0,0.0,0.0
204070,0.0,0.0,1.0,0.0,0.0,0.0,0.0
204078,0.0,0.0,0.0,0.0,0.0,0.0,0.0
204096,0.0,0.0,1.0,0.0,0.0,0.0,0.0
204372,0.0,0.0,2.0,0.0,0.0,0.0,0.0
204373,0.0,0.0,0.0,0.0,0.0,0.0,0.0
204376,0.0,0.0,0.0,1.0,0.0,0.0,0.0
204377,0.0,0.0,0.0,0.0,0.0,0.0,0.0
204378,0.0,0.0,0.0,1.0,0.0,0.0,0.0
204379,0.0,0.0,0.0,0.0,0.0,0.0,0.0
204380,0.0,0.0,0.0,1.0,0.0,0.0,0.0
204398,0.0,0.0,0.0,0.0,0.0,0.0,0.0
204399,0.0,0.0,0.0,1.0,0.0,0.0,0.0
204416,0.0,0.0,0.0,0.0,0.0,0.0,0.0
204419,0.0,0.0,0.0,1.0,0.0,0.0,0.0
204420,0.0,0.0,0.0,0.0,0.0,0.0,0.0
204703,0.0,0.0,1.0,0.0,0.0,0.0,0.0
204712,0.0,0.0,0.0,0.0,0.0,0.0,0.0
204713,0.0,0.0,1.0,0.0,0.0,0.0,0.0
204714,0.0,0.0,0.0,0.0,0.0,0.0,0.0
204715,0.0,0.0,1.0,0.0,0.0,0.0,0.0
204755,0.0,0.0,1.0,1.0,0.0,0.0,0.0
204756,0.0,0.0,1.0,0.0,0.0,0.0,0.0
204761,0.0,0.0,1.0,1.0,0.0,0.0,0.0
204762,0.0,0.0,1.0,0.0,0.0,0.0,0.0
204809,0.0,0.0,1.0,1.0,0.0,0.0,0.0
204810,0.0,0.0,1.0,0.0,0.0,0.0,0.0
204811,0.0,0.0,1.0,1.0,0.0,0.0,0.0
204812,0.0,0.0,1.0,0.0,0.0,0.0,0.0
204838,0.0,0.0,0.0,0.0,0.0,0.0,0.0
204839,0.0,0.0,1.0,0.0,0.0,0.0,0.0
204842,0.0,0.0,0.0,0.0,0.0,0.0,0.0
204847,0.0,0.0,1.0,0.0,0.0,0.0,0.0
204868,0.0,0.0,1.0,1.0,0.0,0.0,0.0
204873,0.0,0.0,1.0,0.0,0.0,0.0,0.0
204913,0.0,0.0,1.0,1.0,0.0,0.0,0.0
204914,0.0,0.0,1.0,0.0,0.0,0.0,0.0
204915,0.0,0.0,1.0,1.0,0.0,0.0,0.0
204917,0.0,0.0,1.0,0.0,0.0,0.0,0.0
204918,0.0,0.0,1.0,1.0,0.0,0.0,0.0
204919,0.0,0.0,1.0,0.0,0.0,0.0,0.0
204924,0.0,0.0,1.0,1.0,0.0,0.0,0.0
204942,0.0,2.0,1.0,1.0,0.0,0.0,0.0
204943,0.0,0.0,1.0,1.0,0.0,0.0,0.0
204946,0.0,0.0,1.0,1.0,1.0,0.0,0.0
204948,0.0,0.0,1.0,1.0,0.0,0.0,0.0
205032,0.0,0.0,1.0,1.0,1.0,0.0,0.0
205033,0.0,0.0,1.0,1.0,0.0,0.0,0.0
205093,0.0,0.0,1.0,2.0,0.0,1.0,0.0
205094,0.0,0.0,0.0,0.0,0.0,0.0,0.0
205289,0.0,0.0,1.0,0.0,0.0,0.0,0.0
205290,0.0,0.0,0.0,0.0,0.0,0.0,0.0
205293,0.0,0.0,1.0,0.0,0.0,0.0,0.0
205299,0.0,0.0,0.0,0.0,0.0,0.0,0.0
205300,0.0,0.0,1.0,0.0,0.0,0.0,0.0
205301,0.0,0.0,0.0,0.0,0.0,0.0,0.0
205302,0.0,0.0,1.0,0.0,0.0,0.0,0.0
205303,0.0,0.0,0.0,0.0,0.0,0.0,0.0
205304,0.0,0.0,1.0,0.0,0.0,0.0,0.0
205305,0.0,0.0,0.0,0.0,0.0,0.0,0.0
205348,0.0,0.0,1.0,0.0,0.0,0.0,0.0
205350,0.0,0.0,0.0,0.0,0.0,0.0,0.0
205351,0.0,0.0,1.0,0.0,0.0,0.0,0.0
205354,0.0,0.0,0.0,0.0,0.0,0.0,0.0
205355,0.0,0.0,1.0,0.0,0.0,0.0,0.0
205358,0.0,0.0,0.0,0.0,0.0,0.0,0.0
205361,0.0,0.0,1.0,0.0,0.0,0.0,0.0
205362,0.0,0.0,0.0,0.0,0.0,0.0,0.0
205363,0.0,0.0,1.0,0.0,0.0,0.0,0.0
205393,0.0,0.0,1.0,0.0,1.0,0.0,0.0
205396,0.0,0.0,1.0,0.0,0.0,0.0,0.0
205397,0.0,0.0,1.0,0.0,1.0,0.0,0.0
205399,0.0,0.0,1.0,0.0,0.0,0.0,0.0
205400,0.0,0.0,1.0,0.0,1.0,0.0,0.0
205401,0.0,0.0,1.0,0.0,0.0,0.0,0.0
205403,0.0,0.0,1.0,0.0,1.0,0.0,0.0
205405,0.0,0.0,1.0,0.0,0.0,0.0,0.0
205466,0.0,0.0,1.0,0.0,1.0,0.0,0.0
205476,0.0,0.0,1.0,0.0,0.0,0.0,0.0
205598,0.0,0.0,0.0,0.0,0.0,0.0,0.0
205599,0.0,0.0,1.0,0.0,0.0,0.0,0.0
205658,0.0,0.0,0.0,0.0,0.0,0.0,0.0
206225,0.0,0.0,0.0,0.0,1.0,0.0,0.0
206226,0.0,0.0,0.0,0.0,0.0,0.0,0.0
206308,0.0,0.0,0.0,0.0,1.0,0.0,0.0
206309,0.0,0.0,0.0,0.0,0.0,0.0,0.0
206340,0.0,0.0,0.0,0.0,1.0,0.0,0.0
206343,0.0,0.0,0.0,0.0,0.0,0.0,0.0
206344,0.0,0.0,0.0,0.0,1.0,0.0,0.0
206345,0.0,0.0,0.0,0.0,0.0,0.0,0.0
206506,0.0,0.0,0.0,0.0,1.0,0.0,0.0
206508,0.0,0.0,0.0,0.0,0.0,0.0,0.0
206856,0.0,0.0,0.0,0.0,1.0,0.0,0.0
206857,0.0,0.0,0.0,0.0,0.0,0.0,0.0
206859,0.0,0.0,0.0,0.0,1.0,0.0,0.0
206860,0.0,0.0,0.0,0.0,0.0,0.0,0.0
206862,0.0,0.0,0.0,0.0,1.0,0.0,0.0
206864,0.0,0.0,0.0,0.0,0.0,0.0,0.0
207739,0.0,0.0,0.0,0.0,1.0,0.0,0.0
207740,0.0,0.0,0.0,0.0,0.0,0.0,0.0
207744,0.0,0.0,0.0,0.0,1.0,0.0,0.0
207746,0.0,0.0,0.0,0.0,0.0,0.0,0.0
207835,0.0,0.0,0.0,0.0,1.0,0.0,0.0
207836,0.0,0.0,0.0,0.0,0.0,0.0,0.0
208282,0.0,0.0,0.0,0.0,1.0,0.0,0.0
208289,0.0,0.0,0.0,0.0,0.0,0.0,0.0
208291,0.0,0.0,0.0,0.0,1.0,0.0,0.0
208292,0.0,0.0,0.0,0.0,0.0,0.0,0.0
208297,0.0,0.0,0.0,0.0,1.0,0.0,0.0
208298,0.0,0.0,0.0,0.0,0.0,0.0,0.0
208303,0.0,0.0,0.0,0.0,1.0,0.0,0.0
208305,0.0,0.0,0.0,0.0,0.0,0.0,0.0
208311,0.0,0.0,0.0,0.0,1.0,0.0,0.0
208312,0.0,0.0,0.0,0.0,0.0,0.0,0.0
208314,0.0,0.0,0.0,0.0,1.0,0.0,0.0
208317,0.0,0.0,0.0,0.0,0.0,0.0,0.0
208860,0.0,0.0,0.0,0.0,1.0,0.0,0.0
208861,0.0,0.0,0.0,0.0,0.0,0.0,0.0
210381,0.0,0.0,0.0,0.0,1.0,0.0,0.0
210385,0.0,0.0,0.0,0.0,0.0,0.0,0.0
211995,0.0,0.0,0.0,0.0,1.0,0.0,0.0
211996,0.0,0.0,0.0,0.0,0.0,0.0,0.0
211997,0.0,0.0,0.0,0.0,1.0,0.0,0.0
211998,0.0,0.0,0.0,0.0,0.0,0.0,0.0
212331,0.0,0.0,0.0,0.0,1.0,0.0,0.0
212335,0.0,0.0,0.0,1.0,2.0,1.0,0.0
212336,0.0,0.0,0.0,0.0,0.0,0.0,0.0
212567,0.0,0.0,1.0,0.0,0.0,0.0,0.0
212655,0.0,0.0,0.0,0.0,0.0,0.0,0.0
212656,0.0,0.0,1.0,0.0,0.0,0.0,0.0
212701,0.0,0.0,0.0,0.0,0.0,0.0,0.0
212851,0.0,0.0,0.0,0.0,1.0,0.0,0.0
212852,0.0,0.0,0.0,0.0,0.0,0.0,0.0
213720,0.0,0.0,0.0,0.0,1.0,0.0,0.0
213721,0.0,0.0,0.0,0.0,0.0,0.0,0.0
213723,0.0,0.0,0.0,0.0,1.0,0.0,0.0
213724,0.0,0.0,0.0,0.0,0.0,0.0,0.0
213725,0.0,0.0,0.0,0.0,1.0,0.0,0.0
213726,0.0,0.0,0.0,0.0,0.0,0.0,0.0
213727,0.0,0.0,0.0,0.0,1.0,0.0,0.0
213729,0.0,0.0,0.0,0.0,0.0,0.0,0.0
213738,0.0,0.0,0.0,0.0,1.0,0.0,0.0
213739,0.0,0.0,0.0,0.0,0.0,0.0,0.0
215000,0.0,0.0,0.0,0.0,0.0,0.0,1.0
215001,0.0,0.0,0.0,0.0,0.0,0.0,0.0
215305,0.0,0.0,0.0,0.0,1.0,0.0,0.0
215309,0.0,0.0,0.0,0.0,0.0,0.0,0.0
215313,0.0,0.0,0.0,0.0,1.0,0.0,0.0
215314,0.0,0.0,0.0,0.0,0.0,0.0,0.0
215315,0.0,0.0,0.0,0.0,1.0,0.0,0.0
215316,0.0,0.0,0.0,0.0,0.0,0.0,0.0
215376,0.0,0.0,0.0,0.0,1.0,0.0,0.0
215378,0.0,0.0,0.0,0.0,2.0,0.0,0.0
215379,0.0,0.0,0.0,0.0,0.0,0.0,0.0
215520,0.0,2.0,0.0,1.0,0.0,1.0,0.0
215521,0.0,0.0,0.0,0.0,0.0,0.0,0.0
215561,0.0,0.0,1.0,0.0,0.0,0.0,0.0
215563,0.0,0.0,0.0,0.0,0.0,0.0,0.0
215595,0.0,0.0,1.0,0.0,0.0,0.0,0.0
215596,0.0,0.0,0.0,0.0,0.0,0.0,0.0
215597,0.0,0.0,1.0,0.0,0.0,0.0,0.0
215598,0.0,0.0,0.0,0.0,0.0,0.0,0.0
215599,0.0,0.0,1.0,0.0,0.0,0.0,0.0
215601,0.0,0.0,0.0,0.0,0.0,0.0,0.0
215602,0.0,0.0,1.0,0.0,0.0,0.0,0.0
215603,0.0,0.0,0.0,0.0,0.0,0.0,0.0
215605,0.0,0.0,1.0,0.0,0.0,0.0,0.0
215623,0.0,0.0,0.0,0.0,0.0,0.0,0.0
215625,0.0,0.0,1.0,0.0,0.0,0.0,0.0
215626,0.0,0.0,0.0,0.0,0.0,0.0,0.0
215657,0.0,0.0,1.0,0.0,0.0,0.0,0.0
215658,0.0,0.0,0.0,0.0,0.0,0.0,0.0
215659,0.0,0.0,1.0,0.0,0.0,0.0,0.0
215660,0.0,0.0,0.0,0.0,0.0,0.0,0.0
215662,0.0,0.0,1.0,0.0,0.0,0.0,0.0
215663,0.0,0.0,0.0,0.0,0.0,0.0,0.0
215683,0.0,0.0,1.0,0.0,0.0,0.0,0.0
215685,0.0,0.0,0.0,0.0,0.0,0.0,0.0
215767,0.0,0.0,1.0,0.0,0.0,0.0,0.0
215768,0.0,0.0,0.0,0.0,0.0,0.0,0.0
215824,0.0,0.0,1.0,0.0,0.0,0.0,0.0
215860,0.0,0.0,1.0,0.0,1.0,0.0,0.0
215861,0.0,0.0,1.0,0.0,0.0,0.0,0.0
216079,0.0,0.0,1.0,1.0,0.0,0.0,0.0
216080,0.0,0.0,1.0,0.0,0.0,0.0,0.0
216107,0.0,0.0,1.0,1.0,0.0,0.0,0.0
216108,0.0,0.0,1.0,0.0,0.0,0.0,0.0
216110,0.0,0.0,1.0,1.0,0.0,0.0,0.0
216147,0.0,0.0,1.0,0.0,0.0,0.0,0.0
216148,0.0,0.0,1.0,1.0,0.0,0.0,0.0
216149,0.0,0.0,1.0,0.0,0.0,0.0,0.0
216158,0.0,0.0,1.0,1.0,0.0,0.0,0.0
216164,0.0,0.0,1.0,0.0,0.0,0.0,0.0
216183,0.0,0.0,1.0,1.0,0.0,0.0,0.0
216184,0.0,0.0,1.0,0.0,0.0,0.0,0.0
216187,0.0,0.0,1.0,1.0,0.0,0.0,0.0
216188,0.0,0.0,1.0,0.0,0.0,0.0,0.0
216189,0.0,0.0,1.0,1.0,0.0,0.0,0.0
216203,0.0,0.0,1.0,1.0,1.0,0.0,0.0
216205,0.0,0.0,1.0,1.0,0.0,0.0,0.0
216229,0.0,0.0,1.0,0.0,0.0,0.0,0.0
216252,0.0,0.0,1.0,1.0,0.0,0.0,0.0
216253,0.0,0.0,1.0,0.0,0.0,0.0,0.0
216254,0.0,0.0,1.0,1.0,0.0,0.0,0.0
216255,0.0,0.0,1.0,0.0,0.0,0.0,0.0
216459,0.0,0.0,1.0,1.0,0.0,0.0,0.0
216460,0.0,0.0,1.0,0.0,0.0,0.0,0.0
216461,0.0,0.0,1.0,1.0,0.0,0.0,0.0
216462,0.0,0.0,1.0,0.0,0.0,0.0,0.0
216463,0.0,0.0,1.0,1.0,0.0,0.0,0.0
216468,0.0,0.0,1.0,0.0,0.0,0.0,0.0
216471,0.0,0.0,1.0,1.0,0.0,0.0,0.0
216479,0.0,0.0,1.0,0.0,0.0,0.0,0.0
216484,0.0,0.0,1.0,1.0,0.0,0.0,0.0
216485,0.0,0.0,1.0,0.0,0.0,0.0,0.0
216572,0.0,0.0,1.0,1.0,0.0,0.0,0.0
216573,0.0,0.0,1.0,0.0,0.0,0.0,0.0
216574,0.0,0.0,1.0,1.0,0.0,0.0,0.0
216579,0.0,0.0,1.0,0.0,0.0,0.0,0.0
216580,0.0,0.0,1.0,1.0,0.0,0.0,0.0
216585,0.0,0.0,1.0,0.0,0.0,0.0,0.0
216668,0.0,0.0,1.0,1.0,0.0,0.0,0.0
216731,0.0,2.0,1.0,1.0,0.0,1.0,0.0
216732,0.0,0.0,0.0,0.0,0.0,0.0,0.0
216782,0.0,0.0,1.0,0.0,0.0,0.0,0.0
216787,0.0,0.0,0.0,0.0,0.0,0.0,0.0
216819,0.0,0.0,1.0,0.0,0.0,0.0,0.0
216820,0.0,0.0,0.0,0.0,0.0,0.0,0.0
216823,0.0,0.0,1.0,0.0,0.0,0.0,0.0
216826,0.0,0.0,0.0,0.0,0.0,0.0,0.0
216827,0.0,0.0,1.0,0.0,0.0,0.0,0.0
216828,0.0,0.0,0.0,0.0,0.0,0.0,0.0
216829,0.0,0.0,1.0,0.0,0.0,0.0,0.0
216844,0.0,0.0,0.0,0.0,0.0,0.0,0.0
216896,0.0,0.0,1.0,0.0,0.0,0.0,0.0
216897,0.0,0.0,1.0,1.0,0.0,0.0,0.0
216898,0.0,0.0,1.0,0.0,0.0,0.0,0.0
216899,0.0,0.0,0.0,0.0,0.0,0.0,0.0
216902,0.0,0.0,1.0,0.0,0.0,0.0,0.0
216903,0.0,0.0,0.0,0.0,0.0,0.0,0.0
216978,0.0,0.0,1.0,0.0,0.0,0.0,0.0
216996,0.0,0.0,1.0,0.0,1.0,0.0,0.0
216997,0.0,0.0,1.0,0.0,0.0,0.0,0.0
216999,0.0,0.0,1.0,0.0,1.0,0.0,0.0
217000,0.0,0.0,1.0,0.0,0.0,0.0,0.0
217602,0.0,0.0,0.0,0.0,0.0,0.0,0.0
217778,0.0,0.0,1.0,0.0,0.0,0.0,0.0
217822,0.0,0.0,0.0,0.0,0.0,0.0,0.0
217823,0.0,0.0,1.0,0.0,0.0,0.0,0.0
217851,0.0,0.0,0.0,0.0,0.0,0.0,0.0
217870,0.0,0.0,1.0,0.0,0.0,0.0,0.0
217896,0.0,0.0,0.0,0.0,0.0,0.0,0.0
217897,0.0,0.0,1.0,0.0,0.0,0.0,0.0
217898,0.0,0.0,0.0,0.0,0.0,0.0,0.0
217899,0.0,0.0,1.0,0.0,0.0,0.0,0.0
217932,0.0,0.0,0.0,0.0,0.0,0.0,0.0
217933,0.0,0.0,1.0,0.0,0.0,0.0,0.0
217934,0.0,0.0,0.0,0.0,0.0,0.0,0.0
217935,0.0,0.0,1.0,0.0,0.0,0.0,0.0
217936,0.0,0.0,0.0,0.0,0.0,0.0,0.0
217937,0.0,0.0,1.0,0.0,0.0,0.0,0.0
217938,0.0,0.0,0.0,0.0,0.0,0.0,0.0
217944,0.0,0.0,1.0,0.0,0.0,0.0,0.0
217965,0.0,0.0,0.0,0.0,0.0,0.0,0.0
217970,0.0,0.0,1.0,0.0,0.0,0.0,0.0
217971,0.0,0.0,0.0,0.0,0.0,0.0,0.0
218646,0.0,0.0,1.0,0.0,0.0,0.0,0.0
218649,0.0,0.0,0.0,0.0,0.0,0.0,0.0
218650,0.0,0.0,1.0,0.0,0.0,0.0,0.0
218651,0.0,0.0,0.0,0.0,0.0,0.0,0.0
218734,0.0,0.0,1.0,0.0,0.0,0.0,0.0
218735,0.0,0.0,0.0,0.0,0.0,0.0,0.0
218736,0.0,0.0,1.0,0.0,0.0,0.0,0.0
218739,0.0,0.0,0.0,0.0,0.0,0.0,0.0
220359,0.0,0.0,0.0,0.0,1.0,0.0,0.0
220360,0.0,0.0,0.0,0.0,0.0,0.0,0.0
222910,0.0,0.0,0.0,0.0,1.0,0.0,0.0
222913,0.0,0.0,0.0,0.0,0.0,0.0,0.0
224395,0.0,0.0,0.0,0.0,1.0,0.0,0.0
224396,0.0,0.0,0.0,0.0,0.0,0.0,0.0
224455,0.0,0.0,0.0,0.0,1.0,0.0,0.0
224456,0.0,0.0,0.0,0.0,0.0,0.0,0.0
224845,0.0,0.0,0.0,0.0,1.0,0.0,0.0
224846,0.0,0.0,0.0,0.0,0.0,0.0,0.0
224847,0.0,0.0,0.0,0.0,1.0,0.0,0.0
224849,0.0,0.0,0.0,0.0,0.0,0.0,0.0
227000,0.0,0.0,0.0,0.0,0.0,0.0,1.0
227001,0.0,0.0,0.0,0.0,0.0,0.0,0.0
227429,0.0,0.0,0.0,0.0,1.0,0.0,0.0
227431,0.0,0.0,0.0,0.0,2.0,0.0,0.0
227432,0.0,0.0,0.0,0.0,0.0,0.0,0.0
227470,0.0,0.0,0.0,1.0,0.0,1.0,0.0
227471,0.0,0.0,0.0,0.0,0.0,0.0,0.0
227536,0.0,0.0,1.0,0.0,0.0,0.0,0.0
227541,0.0,0.0,0.0,0.0,0.0,0.0,0.0
227543,0.0,0.0,1.0,0.0,0.0,0.0,0.0
227544,0.0,0.0,0.0,0.0,0.0,0.0,0.0
227546,0.0,0.0,1.0,0.0,0.0,0.0,0.0
227548,0.0,0.0,0.0,0.0,0.0,0.0,0.0
227558,0.0,0.0,1.0,0.0,0.0,0.0,0.0
227560,0.0,0.0,0.0,0.0,0.0,0.0,0.0
227561,0.0,0.0,1.0,0.0,0.0,0.0,0.0
227722,0.0,0.0,2.0,0.0,0.0,0.0,0.0
227723,0.0,0.0,0.0,0.0,0.0,0.0,0.0
227757,0.0,0.0,1.0,0.0,0.0,0.0,0.0
227758,0.0,0.0,0.0,0.0,0.0,0.0,0.0
227852,0.0,0.0,1.0,0.0,0.0,0.0,0.0
227865,0.0,0.0,0.0,0.0,0.0,0.0,0.0
227890,0.0,0.0,1.0,0.0,0.0,0.0,0.0
227906,0.0,0.0,1.0,0.0,1.0,0.0,0.0
227910,0.0,0.0,1.0,0.0,0.0,0.0,0.0
227986,0.0,0.0,1.0,0.0,1.0,0.0,0.0
227989,0.0,0.0,1.0,0.0,0.0,0.0,0.0
228050,0.0,0.0,1.0,0.0,1.0,0.0,0.0
228051,0.0,0.0,1.0,0.0,0.0,0.0,0.0
228052,0.0,0.0,1.0,0.0,1.0,0.0,0.0
228053,0.0,0.0,1.0,0.0,0.0,0.0,0.0
228057,0.0,0.0,1.0,0.0,1.0,0.0,0.0
228058,0.0,0.0,1.0,0.0,0.0,0.0,0.0
228060,0.0,0.0,2.0,0.0,1.0,0.0,0.0
228061,0.0,0.0,0.0,0.0,0.0,0.0,0.0
228067,0.0,0.0,0.0,1.0,1.0,0.0,0.0
228070,0.0,0.0,0.0,1.0,2.0,1.0,0.0
228071,0.0,0.0,0.0,0.0,0.0,0.0,0.0
228290,0.0,0.0,0.0,0.0,1.0,0.0,0.0
228291,0.0,0.0,0.0,0.0,0.0,0.0,0.0
228297,0.0,0.0,1.0,0.0,0.0,0.0,0.0
228298,0.0,0.0,1.0,0.0,1.0,0.0,0.0
228299,0.0,0.0,1.0,0.0,0.0,0.0,0.0
228300,0.0,0.0,0.0,0.0,0.0,0.0,0.0
228301,0.0,0.0,1.0,0.0,0.0,0.0,0.0
228302,0.0,0.0,0.0,0.0,0.0,0.0,0.0
228329,0.0,0.0,1.0,0.0,0.0,0.0,0.0
228330,0.0,0.0,0.0,0.0,0.0,0.0,0.0
228331,0.0,0.0,1.0,0.0,0.0,0.0,0.0
228334,0.0,0.0,0.0,0.0,0.0,0.0,0.0
228350,0.0,0.0,1.0,0.0,0.0,0.0,0.0
228539,0.0,0.0,0.0,0.0,0.0,0.0,0.0
228581,0.0,0.0,1.0,0.0,0.0,0.0,0.0
228582,0.0,0.0,0.0,0.0,0.0,0.0,0.0
228583,0.0,0.0,1.0,0.0,0.0,0.0,0.0
228584,0.0,0.0,0.0,0.0,0.0,0.0,0.0
228592,0.0,0.0,1.0,0.0,0.0,0.0,0.0
228648,0.0,0.0,1.0,0.0,1.0,0.0,0.0
228649,0.0,0.0,1.0,0.0,0.0,0.0,0.0
228716,0.0,0.0,1.0,0.0,1.0,0.0,0.0
228719,0.0,0.0,1.0,0.0,2.0,0.0,0.0
228720,0.0,0.0,1.0,0.0,0.0,0.0,0.0
229289,0.0,0.0,1.0,0.0,1.0,0.0,0.0
229290,0.0,0.0,1.0,0.0,0.0,0.0,0.0
229831,0.0,0.0,1.0,0.0,1.0,0.0,0.0
229833,0.0,0.0,1.0,0.0,0.0,0.0,0.0
229834,0.0,0.0,1.0,0.0,1.0,0.0,0.0
229839,0.0,0.0,1.0,0.0,0.0,0.0,0.0
229929,0.0,0.0,1.0,0.0,1.0,0.0,0.0
229930,0.0,0.0,1.0,0.0,0.0,0.0,0.0
229932,0.0,0.0,1.0,0.0,1.0,0.0,0.0
229934,0.0,0.0,1.0,0.0,0.0,0.0,0.0
229935,0.0,0.0,1.0,0.0,1.0,0.0,0.0
229938,0.0,0.0,1.0,0.0,2.0,0.0,0.0
229939,0.0,0.0,1.0,0.0,0.0,0.0,0.0
230564,0.0,0.0,0.0,0.0,0.0,0.0,0.0
230565,0.0,0.0,1.0,0.0,0.0,0.0,0.0
230600,0.0,0.0,0.0,0.0,0.0,0.0,0.0
230605,0.0,0.0,1.0,0.0,0.0,0.0,0.0
230606,0.0,0.0,0.0,0.0,0.0,0.0,0.0
230607,0.0,0.0,1.0,0.0,0.0,0.0,0.0
230608,0.0,0.0,0.0,0.0,0.0,0.0,0.0
230609,0.0,0.0,1.0,0.0,0.0,0.0,0.0
230610,0.0,0.0,0.0,0.0,0.0,0.0,0.0
230611,0.0,0.0,1.0,0.0,0.0,0.0,0.0
230614,0.0,0.0,0.0,0.0,0.0,0.0,0.0
230615,0.0,0.0,1.0,0.0,0.0,0.0,0.0
230616,0.0,0.0,0.0,0.0,0.0,0.0,0.0
230617,0.0,0.0,1.0,0.0,0.0,0.0,0.0
230635,0.0,0.0,0.0,0.0,0.0,0.0,0.0
230636,0.0,0.0,1.0,0.0,0.0,0.0,0.0
230637,0.0,0.0,0.0,0.0,0.0,0.0,0.0
230644,0.0,0.0,1.0,0.0,0.0,0.0,0.0
230645,0.0,0.0,0.0,0.0,0.0,0.0,0.0
230646,0.0,0.0,1.0,0.0,0.0,0.0,0.0
230648,0.0,0.0,0.0,0.0,0.0,0.0,0.0
230649,0.0,0.0,1.0,0.0,0.0,0.0,0.0
230679,0.0,0.0,0.0,0.0,0.0,0.0,0.0
230680,0.0,0.0,1.0,0.0,0.0,0.0,0.0
230691,0.0,0.0,0.0,0.0,0.0,0.0,0.0
230692,0.0,0.0,1.0,0.0,0.0,0.0,0.0
230754,0.0,0.0,0.0,0.0,0.0,0.0,0.0
230757,0.0,0.0,1.0,0.0,0.0,0.0,0.0
230758,0.0,0.0,0.0,0.0,0.0,0.0,0.0
230759,0.0,0.0,1.0,0.0,0.0,0.0,0.0
230760,0.0,0.0,0.0,0.0,0.0,0.0,0.0
230761,0.0,0.0,1.0,0.0,0.0,0.0,0.0
230762,0.0,0.0,0.0,0.0,0.0,0.0,0.0
230763,0.0,0.0,1.0,0.0,0.0,0.0,0.0
230764,0.0,0.0,0.0,0.0,0.0,0.0,0.0
230765,0.0,0.0,1.0,0.0,0.0,0.0,0.0
230770,0.0,0.0,0.0,0.0,0.0,0.0,0.0
230845,0.0,0.0,0.0,0.0,1.0,0.0,0.0
230846,0.0,0.0,0.0,0.0,0.0,0.0,0.0
231064,0.0,0.0,0.0,0.0,1.0,0.0,0.0
231065,0.0,0.0,0.0,0.0,0.0,0.0,0.0
231067,0.0,0.0,0.0,0.0,1.0,0.0,0.0
231068,0.0,0.0,0.0,0.0,0.0,0.0,0.0
231070,0.0,0.0,0.0,0.0,1.0,0.0,0.0
231071,0.0,0.0,0.0,0.0,0.0,0.0,0.0
231296,0.0,0.0,0.0,0.0,1.0,0.0,0.0
231299,0.0,0.0,0.0,0.0,2.0,0.0,0.0
231300,0.0,0.0,0.0,0.0,0.0,0.0,0.0
232095,0.0,0.0,0.0,0.0,1.0,0.0,0.0
232096,0.0,0.0,0.0,0.0,0.0,0.0,0.0
232147,0.0,0.0,0.0,0.0,1.0,0.0,0.0
232148,0.0,0.0,0.0,0.0,0.0,0.0,0.0
233765,0.0,0.0,0.0,0.0,1.0,0.0,0.0
233771,0.0,0.0,0.0,0.0,0.0,0.0,0.0
233775,0.0,0.0,0.0,0.0,1.0,0.0,0.0
233778,0.0,0.0,0.0,0.0,0.0,0.0,0.0
236118,0.0,0.0,0.0,0.0,1.0,0.0,0.0
236119,0.0,0.0,0.0,0.0,0.0,0.0,0.0
237540,0.0,0.0,0.0,0.0,1.0,0.0,0.0
237542,0.0,0.0,0.0,0.0,0.0,0.0,0.0
238016,0.0,0.0,0.0,0.0,1.0,0.0,0.0
238017,0.0,0.0,0.0,0.0,0.0,0.0,0.0
239000,0.0,0.0,0.0,0.0,0.0,0.0,1.0
239001,0.0,0.0,0.0,0.0,0.0,0.0,0.0
239441,0.0,0.0,0.0,0.0,1.0,0.0,0.0
239442,0.0,0.0,0.0,0.0,0.0,0.0,0.0
239457,0.0,0.0,0.0,0.0,1.0,0.0,0.0
239460,0.0,0.0,0.0,0.0,0.0,0.0,0.0
239467,0.0,0.0,0.0,0.0,1.0,0.0,0.0
239468,0.0,0.0,0.0,0.0,0.0,0.0,0.0
239469,0.0,0.0,0.0,0.0,1.0,0.0,0.0
239471,0.0,0.0,0.0,0.0,0.0,0.0,0.0
239497,0.0,0.0,0.0,0.0,1.0,0.0,0.0
239498,0.0,0.0,0.0,0.0,0.0,0.0,0.0
239565,0.0,0.0,0.0,0.0,1.0,0.0,0.0
239566,0.0,0.0,0.0,0.0,0.0,0.0,0.0
239578,0.0,0.0,0.0,0.0,1.0,0.0,0.0
239580,0.0,0.0,0.0,0.0,2.0,0.0,0.0
239581,0.0,0.0,0.0,0.0,0.0,0.0,0.0
239594,0.0,0.0,0.0,1.0,0.0,1.0,0.0
239595,0.0,0.0,0.0,0.0,0.0,0.0,0.0
239632,0.0,0.0,1.0,0.0,0.0,0.0,0.0
239652,0.0,0.0,0.0,0.0,0.0,0.0,0.0
239654,0.0,0.0,1.0,0.0,0.0,0.0,0.0
239655,0.0,0.0,0.0,0.0,0.0,0.0,0.0
239659,0.0,0.0,1.0,0.0,0.0,0.0,0.0
239661,0.0,0.0,0.0,0.0,0.0,0.0,0.0
239666,0.0,0.0,1.0,0.0,0.0,0.0,0.0
239721,0.0,0.0,2.0,0.0,0.0,0.0,0.0
239722,0.0,0.0,0.0,0.0,0.0,0.0,0.0
239772,0.0,0.0,1.0,0.0,0.0,0.0,0.0
239773,0.0,0.0,0.0,0.0,0.0,0.0,0.0
239774,0.0,0.0,1.0,0.0,0.0,0.0,0.0
239778,0.0,0.0,0.0,0.0,0.0,0.0,0.0
239970,0.0,0.0,0.0,0.0,1.0,0.0,0.0
239973,0.0,0.0,0.0,0.0,0.0,0.0,0.0
240123,0.0,0.0,0.0,0.0,1.0,0.0,0.0
240126,0.0,0.0,0.0,0.0,0.0,0.0,0.0
240130,0.0,0.0,0.0,0.0,1.0,0.0,0.0
240132,0.0,0.0,0.0,0.0,0.0,0.0,0.0
240133,0.0,0.0,0.0,0.0,1.0,0.0,0.0
240135,0.0,0.0,0.0,0.0,2.0,0.0,0.0
240136,0.0,0.0,0.0,0.0,0.0,0.0,0.0
240489,0.0,0.0,1.0,0.0,0.0,0.0,0.0
240490,0.0,0.0,0.0,0.0,0.0,0.0,0.0
240504,0.0,0.0,1.0,0.0,0.0,0.0,0.0
240511,0.0,0.0,0.0,0.0,0.0,0.0,0.0
240512,0.0,0.0,1.0,0.0,0.0,0.0,0.0
240521,0.0,0.0,0.0,0.0,0.0,0.0,0.0
240522,0.0,0.0,1.0,0.0,0.0,0.0,0.0
240546,0.0,0.0,0.0,0.0,0.0,0.0,0.0
240547,0.0,0.0,1.0,0.0,0.0,0.0,0.0
240548,0.0,0.0,0.0,0.0,0.0,0.0,0.0
240549,0.0,0.0,1.0,0.0,0.0,0.0,0.0
240579,0.0,0.0,0.0,0.0,0.0,0.0,0.0
240580,0.0,0.0,1.0,0.0,0.0,0.0,0.0
240583,0.0,0.0,0.0,0.0,0.0,0.0,0.0
240584,0.0,0.0,1.0,0.0,0.0,0.0,0.0
240587,0.0,0.0,0.0,0.0,0.0,0.0,0.0
240611,0.0,0.0,1.0,0.0,0.0,0.0,0.0
240612,0.0,0.0,0.0,0.0,0.0,0.0,0.0
240613,0.0,0.0,1.0,0.0,0.0,0.0,0.0
240715,0.0,2.0,1.0,0.0,0.0,0.0,0.0
240716,0.0,0.0,1.0,0.0,0.0,0.0,0.0
240747,0.0,0.0,1.0,1.0,0.0,1.0,0.0
240748,0.0,0.0,0.0,0.0,0.0,0.0,0.0
240813,0.0,0.0,1.0,0.0,0.0,0.0,0.0
240818,0.0,0.0,0.0,0.0,0.0,0.0,0.0
241225,0.0,0.0,1.0,0.0,1.0,0.0,0.0
241226,0.0,0.0,0.0,0.0,0.0,0.0,0.0
241227,0.0,0.0,1.0,0.0,0.0,0.0,0.0
241228,0.0,0.0,0.0,0.0,0.0,0.0,0.0
241231,0.0,0.0,1.0,0.0,0.0,0.0,0.0
241232,0.0,0.0,0.0,0.0,0.0,0.0,0.0
241233,0.0,0.0,1.0,0.0,0.0,0.0,0.0
241242,0.0,0.0,1.0,0.0,1.0,0.0,0.0
241243,0.0,0.0,1.0,0.0,0.0,0.0,0.0
241268,0.0,0.0,0.0,0.0,0.0,0.0,0.0
241269,0.0,0.0,1.0,0.0,0.0,0.0,0.0
241270,0.0,0.0,0.0,0.0,0.0,0.0,0.0
241271,0.0,0.0,1.0,0.0,0.0,0.0,0.0
241291,0.0,0.0,0.0,0.0,0.0,0.0,0.0
241969,0.0,0.0,0.0,0.0,1.0,0.0,0.0
241972,0.0,0.0,0.0,0.0,2.0,0.0,0.0
241973,0.0,0.0,0.0,0.0,0.0,0.0,0.0
241976,0.0,0.0,0.0,1.0,0.0,1.0,0.0
241977,0.0,0.0,0.0,0.0,0.0,0.0,0.0
242056,0.0,0.0,1.0,0.0,0.0,0.0,0.0
242057,0.0,0.0,0.0,0.0,0.0,0.0,0.0
242058,0.0,0.0,1.0,0.0,0.0,0.0,0.0
242059,0.0,0.0,0.0,0.0,0.0,0.0,0.0
242060,0.0,0.0,1.0,0.0,0.0,0.0,0.0
242066,0.0,0.0,0.0,0.0,0.0,0.0,0.0
242067,0.0,0.0,1.0,0.0,0.0,0.0,0.0
242078,0.0,0.0,0.0,0.0,0.0,0.0,0.0
242081,0.0,0.0,1.0,0.0,0.0,0.0,0.0
242084,0.0,0.0,0.0,0.0,0.0,0.0,0.0
242727,0.0,0.0,0.0,0.0,1.0,0.0,0.0
242730,0.0,0.0,0.0,0.0,2.0,0.0,0.0
242731,0.0,0.0,0.0,0.0,0.0,0.0,0.0
243075,0.0,0.0,0.0,0.0,1.0,0.0,0.0
243076,0.0,0.0,0.0,0.0,0.0,0.0,0.0
244620,0.0,0.0,0.0,0.0,1.0,0.0,0.0
244622,0.0,0.0,0.0,0.0,0.0,0.0,0.0
244623,0.0,0.0,0.0,0.0,1.0,0.0,0.0
244625,0.0,0.0,0.0,0.0,0.0,0.0,0.0
244626,0.0,0.0,0.0,0.0,1.0,0.0,0.0
244629,0.0,0.0,0.0,0.0,2.0,0.0,0.0
244630,0.0,0.0,0.0,0.0,0.0,0.0,0.0
244664,0.0,0.0,0.0,1.0,0.0,1.0,0.0
244665,0.0,0.0,0.0,0.0,0.0,0.0,0.0
246647,0.0,0.0,0.0,1.0,1.0,0.0,0.0
246648,0.0,0.0,0.0,0.0,0.0,0.0,0.0
249794,0.0,0.0,0.0,1.0,0.0,0.0,0.0
249795,0.0,0.0,0.0,0.0,0.0,0.0,0.0
249810,0.0,0.0,0.0,1.0,1.0,0.0,0.0
249811,0.0,0.0,0.0,0.0,0.0,0.0,0.0
249814,0.0,0.0,0.0,1.0,1.0,0.0,0.0
249816,0.0,0.0,0.0,0.0,0.0,0.0,0.0
249818,0.0,0.0,0.0,1.0,0.0,0.0,0.0
249819,0.0,0.0,0.0,0.0,0.0,0.0,0.0
249821,0.0,0.0,0.0,1.0,0.0,0.0,0.0
249822,0.0,0.0,0.0,0.0,0.0,0.0,0.0
249823,0.0,0.0,0.0,1.0,0.0,0.0,0.0
249825,0.0,0.0,0.0,1.0,1.0,0.0,0.0
249826,0.0,0.0,0.0,1.0,0.0,0.0,0.0
249827,0.0,0.0,0.0,0.0,0.0,0.0,0.0
249887,0.0,0.0,0.0,1.0,0.0,0.0,0.0
249889,0.0,0.0,0.0,0.0,0.0,0.0,0.0
249890,0.0,0.0,0.0,1.0,0.0,0.0,0.0
249892,0.0,0.0,0.0,0.0,0.0,0.0,0.0
249893,0.0,0.0,0.0,1.0,0.0,0.0,0.0
249894,0.0,0.0,0.0,1.0,1.0,0.0,0.0
249895,0.0,0.0,0.0,1.0,0.0,0.0,0.0
249903,0.0,0.0,0.0,0.0,0.0,0.0,0.0
249975,0.0,0.0,0.0,1.0,0.0,0.0,0.0
250025,0.0,0.0,0.0,0.0,0.0,0.0,0.0
250027,0.0,0.0,0.0,1.0,0.0,0.0,0.0
250029,0.0,0.0,0.0,0.0,0.0,0.0,0.0
250030,0.0,0.0,0.0,1.0,0.0,0.0,0.0
250032,0.0,0.0,0.0,0.0,0.0,0.0,0.0
250038,0.0,0.0,0.0,1.0,0.0,0.0,0.0
250040,0.0,0.0,0.0,0.0,0.0,0.0,0.0
250046,0.0,0.0,0.0,1.0,0.0,0.0,0.0
250048,0.0,0.0,0.0,0.0,0.0,0.0,0.0
250425,0.0,0.0,0.0,0.0,1.0,0.0,0.0
250427,0.0,0.0,0.0,0.0,0.0,0.0,0.0
250430,0.0,0.0,0.0,0.0,1.0,0.0,0.0
250431,0.0,0.0,0.0,0.0,0.0,0.0,0.0
251000,0.0,0.0,0.0,0.0,0.0,0.0,1.0
251001,0.0,0.0,0.0,0.0,0.0,0.0,0.0
251208,0.0,0.0,0.0,0.0,1.0,0.0,0.0
251209,0.0,0.0,0.0,0.0,0.0,0.0,0.0
251234,0.0,0.0,0.0,0.0,1.0,0.0,0.0
251235,0.0,0.0,0.0,0.0,0.0,0.0,0.0
251236,0.0,0.0,0.0,0.0,1.0,0.0,0.0
251239,0.0,0.0,0.0,0.0,2.0,1.0,0.0
251240,0.0,0.0,0.0,0.0,0.0,0.0,0.0
251340,0.0,0.0,1.0,0.0,0.0,0.0,0.0
251341,0.0,0.0,0.0,0.0,0.0,0.0,0.0
251342,0.0,0.0,1.0,0.0,0.0,0.0,0.0
251344,0.0,0.0,0.0,0.0,0.0,0.0,0.0
251359,0.0,0.0,1.0,0.0,0.0,0.0,0.0
251391,0.0,0.0,0.0,0.0,0.0,0.0,0.0
251395,0.0,0.0,1.0,0.0,0.0,0.0,0.0
251463,0.0,0.0,0.0,0.0,0.0,0.0,0.0
251464,0.0,0.0,1.0,0.0,0.0,0.0,0.0
251466,0.0,0.0,0.0,0.0,0.0,0.0,0.0
251469,0.0,0.0,1.0,0.0,0.0,0.0,0.0
251470,0.0,0.0,0.0,0.0,0.0,0.0,0.0
251500,0.0,0.0,1.0,0.0,0.0,0.0,0.0
251509,0.0,0.0,0.0,0.0,0.0,0.0,0.0
251510,0.0,0.0,1.0,0.0,0.0,0.0,0.0
251512,0.0,0.0,0.0,0.0,0.0,0.0,0.0
251518,0.0,0.0,1.0,0.0,0.0,0.0,0.0
251519,0.0,0.0,0.0,0.0,0.0,0.0,0.0
251526,0.0,0.0,1.0,0.0,0.0,0.0,0.0
251532,0.0,0.0,0.0,0.0,0.0,0.0,0.0
251534,0.0,0.0,1.0,0.0,0.0,0.0,0.0
251535,0.0,0.0,0.0,0.0,0.0,0.0,0.0
251537,0.0,0.0,1.0,0.0,0.0,0.0,0.0
251538,0.0,0.0,0.0,0.0,0.0,0.0,0.0
251539,0.0,0.0,1.0,0.0,0.0,0.0,0.0
251545,0.0,0.0,0.0,0.0,0.0,0.0,0.0
251550,0.0,0.0,1.0,0.0,0.0,0.0,0.0
251551,0.0,0.0,0.0,0.0,0.0,0.0,0.0
251552,0.0,0.0,1.0,0.0,0.0,0.0,0.0
251554,0.0,0.0,0.0,0.0,0.0,0.0,0.0
251556,0.0,0.0,1.0,0.0,0.0,0.0,0.0
251720,0.0,0.0,1.0,0.0,1.0,0.0,0.0
251721,0.0,0.0,1.0,0.0,0.0,0.0,0.0
251753,0.0,0.0,2.0,0.0,0.0,0.0,0.0
251754,0.0,0.0,0.0,0.0,0.0,0.0,0.0
251757,0.0,0.0,0.0,0.0,1.0,0.0,0.0
251758,0.0,0.0,0.0,0.0,0.0,0.0,0.0
251788,0.0,0.0,0.0,1.0,0.0,0.0,0.0
251789,0.0,0.0,0.0,0.0,0.0,0.0,0.0
251803,0.0,0.0,0.0,1.0,0.0,0.0,0.0
251806,0.0,0.0,0.0,0.0,0.0,0.0,0.0
251808,0.0,0.0,0.0,1.0,0.0,0.0,0.0
251811,0.0,0.0,0.0,0.0,0.0,0.0,0.0
251813,0.0,0.0,0.0,1.0,0.0,0.0,0.0
251821,0.0,0.0,0.0,0.0,0.0,0.0,0.0
251822,0.0,0.0,0.0,1.0,0.0,0.0,0.0
251841,0.0,0.0,0.0,1.0,1.0,0.0,0.0
251842,0.0,0.0,0.0,1.0,0.0,0.0,0.0
251851,0.0,0.0,0.0,2.0,1.0,1.0,0.0
251852,0.0,0.0,0.0,0.0,0.0,0.0,0.0
252467,0.0,0.0,1.0,0.0,0.0,0.0,0.0
252470,0.0,0.0,0.0,0.0,0.0,0.0,0.0
252491,0.0,0.0,1.0,0.0,0.0,0.0,0.0
252492,0.0,0.0,0.0,0.0,0.0,0.0,0.0
252493,0.0,0.0,1.0,0.0,0.0,0.0,0.0
252499,0.0,0.0,0.0,0.0,0.0,0.0,0.0
252500,0.0,0.0,1.0,0.0,0.0,0.0,0.0
252505,0.0,0.0,0.0,0.0,0.0,0.0,0.0
252522,0.0,0.0,1.0,0.0,0.0,0.0,0.0
252531,0.0,0.0,0.0,0.0,0.0,0.0,0.0
252584,0.0,0.0,1.0,0.0,0.0,0.0,0.0
252585,0.0,0.0,0.0,0.0,0.0,0.0,0.0
252694,0.0,0.0,1.0,0.0,0.0,0.0,0.0
252695,0.0,0.0,0.0,0.0,0.0,0.0,0.0
252696,0.0,0.0,1.0,0.0,0.0,0.0,0.0
252697,0.0,0.0,0.0,0.0,0.0,0.0,0.0
252702,0.0,0.0,1.0,0.0,0.0,0.0,0.0
252750,0.0,0.0,1.0,0.0,1.0,0.0,0.0
252752,0.0,0.0,1.0,0.0,0.0,0.0,0.0
252806,0.0,0.0,1.0,0.0,1.0,0.0,0.0
252807,0.0,0.0,1.0,0.0,0.0,0.0,0.0
252898,0.0,0.0,1.0,1.0,0.0,0.0,0.0
252900,0.0,0.0,1.0,0.0,0.0,0.0,0.0
252901,0.0,0.0,1.0,1.0,0.0,0.0,0.0
252902,0.0,0.0,1.0,0.0,0.0,0.0,0.0
252903,0.0,0.0,1.0,1.0,0.0,0.0,0.0
252904,0.0,0.0,1.0,0.0,0.0,0.0,0.0
252910,0.0,0.0,1.0,1.0,0.0,0.0,0.0
252914,0.0,0.0,1.0,1.0,1.0,0.0,0.0
252917,0.0,0.0,1.0,1.0,2.0,1.0,0.0
252918,0.0,0.0,0.0,0.0,0.0,0.0,0.0
253031,0.0,0.0,1.0,0.0,0.0,0.0,0.0
253051,0.0,0.0,0.0,0.0,0.0,0.0,0.0
253054,0.0,0.0,1.0,0.0,0.0,0.0,0.0
253055,0.0,0.0,0.0,0.0,0.0,0.0,0.0
253056,0.0,0.0,1.0,0.0,0.0,0.0,0.0
253064,0.0,0.0,0.0,0.0,0.0,0.0,0.0
253065,0.0,0.0,1.0,0.0,0.0,0.0,0.0
253066,0.0,0.0,0.0,0.0,0.0,0.0,0.0
253067,0.0,0.0,1.0,0.0,0.0,0.0,0.0
253068,0.0,0.0,0.0,0.0,0.0,0.0,0.0
253079,0.0,0.0,1.0,0.0,0.0,0.0,0.0
253080,0.0,0.0,0.0,0.0,0.0,0.0,0.0
253081,0.0,0.0,1.0,0.0,0.0,0.0,0.0
253082,0.0,0.0,0.0,0.0,0.0,0.0,0.0
253093,0.0,0.0,1.0,0.0,0.0,0.0,0.0
253096,0.0,0.0,0.0,0.0,0.0,0.0,0.0
253097,0.0,0.0,1.0,0.0,0.0,0.0,0.0
253101,0.0,0.0,0.0,0.0,0.0,0.0,0.0
253122,0.0,0.0,1.0,0.0,0.0,0.0,0.0
253133,0.0,0.0,0.0,0.0,0.0,0.0,0.0
253448,0.0,0.0,0.0,0.0,1.0,0.0,0.0
253449,0.0,0.0,0.0,0.0,0.0,0.0,0.0
253469,0.0,0.0,0.0,0.0,1.0,0.0,0.0
253470,0.0,0.0,0.0,0.0,0.0,0.0,0.0
253475,0.0,0.0,0.0,0.0,1.0,0.0,0.0
253478,0.0,0.0,0.0,1.0,1.0,0.0,0.0
253480,0.0,0.0,0.0,0.0,1.0,0.0,0.0
253481,0.0,0.0,0.0,0.0,0.0,0.0,0.0
254539,0.0,0.0,0.0,0.0,1.0,0.0,0.0
254540,0.0,0.0,0.0,0.0,0.0,0.0,0.0
254544,0.0,0.0,0.0,0.0,1.0,0.0,0.0
254545,0.0,0.0,0.0,0.0,0.0,0.0,0.0
254549,0.0,0.0,0.0,0.0,1.0,0.0,0.0
254550,0.0,0.0,0.0,0.0,0.0,0.0,0.0
254552,0.0,0.0,0.0,0.0,1.0,0.0,0.0
254554,0.0,0.0,0.0,0.0,0.0,0.0,0.0
254557,0.0,0.0,0.0,0.0,1.0,0.0,0.0
254558,0.0,0.0,0.0,0.0,0.0,0.0,0.0
254583,0.0,0.0,0.0,0.0,1.0,0.0,0.0
254586,0.0,0.0,0.0,0.0,2.0,1.0,0.0
254587,0.0,0.0,0.0,0.0,0.0,0.0,0.0
255071,0.0,0.0,0.0,0.0,1.0,0.0,0.0
255073,0.0,0.0,0.0,0.0,0.0,0.0,0.0
263000,0.0,0.0,0.0,0.0,0.0,0.0,1.0
263001,0.0,0.0,0.0,0.0,0.0,0.0,0.0
263234,0.0,0.0,0.0,0.0,1.0,0.0,0.0
263235,0.0,0.0,0.0,0.0,0.0,0.0,0.0
263255,0.0,0.0,0.0,0.0,1.0,0.0,0.0
263256,0.0,0.0,0.0,0.0,0.0,0.0,0.0
263306,0.0,0.0,0.0,1.0,1.0,0.0,0.0
263307,0.0,0.0,0.0,1.0,2.0,1.0,0.0
263308,0.0,0.0,0.0,0.0,0.0,0.0,0.0
263412,0.0,0.0,1.0,0.0,0.0,0.0,0.0
263413,0.0,0.0,0.0,0.0,0.0,0.0,0.0
263417,0.0,0.0,1.0,0.0,0.0,0.0,0.0
263418,0.0,0.0,0.0,0.0,0.0,0.0,0.0
263423,0.0,0.0,1.0,0.0,0.0,0.0,0.0
263424,0.0,0.0,0.0,0.0,0.0,0.0,0.0
263428,0.0,0.0,1.0,0.0,0.0,0.0,0.0
263429,0.0,0.0,0.0,0.0,0.0,0.0,0.0
263433,0.0,0.0,1.0,0.0,0.0,0.0,0.0
263435,0.0,0.0,0.0,0.0,0.0,0.0,0.0
263438,0.0,0.0,1.0,0.0,0.0,0.0,0.0
263440,0.0,0.0,0.0,0.0,0.0,0.0,0.0
263444,0.0,0.0,1.0,0.0,0.0,0.0,0.0
263448,0.0,0.0,0.0,0.0,0.0,0.0,0.0
263458,0.0,0.0,1.0,0.0,0.0,0.0,0.0
263459,0.0,0.0,0.0,0.0,0.0,0.0,0.0
263461,0.0,0.0,1.0,0.0,0.0,0.0,0.0
263486,0.0,0.0,1.0,0.0,1.0,0.0,0.0
263487,0.0,0.0,1.0,0.0,0.0,0.0,0.0
263488,0.0,0.0,1.0,0.0,1.0,0.0,0.0
263489,0.0,0.0,1.0,0.0,0.0,0.0,0.0
263490,0.0,0.0,1.0,0.0,1.0,0.0,0.0
263491,0.0,0.0,1.0,0.0,0.0,0.0,0.0
263492,0.0,0.0,1.0,0.0,1.0,0.0,0.0
263493,0.0,0.0,1.0,0.0,0.0,0.0,0.0
263495,0.0,0.0,1.0,0.0,1.0,0.0,0.0
263496,0.0,0.0,1.0,0.0,0.0,0.0,0.0
263578,0.0,0.0,0.0,0.0,0.0,0.0,0.0
263593,0.0,0.0,1.0,0.0,0.0,0.0,0.0
263604,0.0,0.0,1.0,1.0,1.0,0.0,0.0
263605,0.0,0.0,1.0,0.0,0.0,0.0,0.0
263648,0.0,0.0,1.0,0.0,1.0,0.0,0.0
263650,0.0,0.0,1.0,0.0,2.0,1.0,0.0
263651,0.0,0.0,0.0,0.0,0.0,0.0,0.0
264031,0.0,0.0,1.0,0.0,0.0,0.0,0.0
264032,0.0,0.0,0.0,0.0,0.0,0.0,0.0
264076,0.0,0.0,1.0,0.0,0.0,0.0,0.0
264080,0.0,0.0,0.0,0.0,0.0,0.0,0.0
264090,0.0,0.0,1.0,0.0,0.0,0.0,0.0
264091,0.0,0.0,0.0,0.0,0.0,0.0,0.0
264092,0.0,0.0,1.0,0.0,0.0,0.0,0.0
264093,0.0,0.0,0.0,0.0,0.0,0.0,0.0
264094,0.0,0.0,1.0,0.0,0.0,0.0,0.0
264095,0.0,0.0,0.0,0.0,0.0,0.0,0.0
264096,0.0,0.0,1.0,0.0,0.0,0.0,0.0
264100,0.0,0.0,0.0,0.0,0.0,0.0,0.0
264101,0.0,0.0,1.0,0.0,0.0,0.0,0.0
264102,0.0,0.0,0.0,0.0,0.0,0.0,0.0
264104,0.0,0.0,1.0,0.0,0.0,0.0,0.0
264114,0.0,0.0,0.0,0.0,0.0,0.0,0.0
264126,0.0,0.0,1.0,0.0,0.0,0.0,0.0
264127,0.0,0.0,0.0,0.0,0.0,0.0,0.0
264128,0.0,0.0,1.0,0.0,0.0,0.0,0.0
264145,0.0,0.0,0.0,0.0,0.0,0.0,0.0
264148,0.0,0.0,1.0,0.0,0.0,0.0,0.0
264156,0.0,0.0,0.0,0.0,0.0,0.0,0.0
264158,0.0,0.0,1.0,0.0,0.0,0.0,0.0
264159,0.0,0.0,0.0,0.0,0.0,0.0,0.0
264160,0.0,0.0,1.0,0.0,0.0,0.0,0.0
264161,0.0,0.0,0.0,0.0,0.0,0.0,0.0
264162,0.0,0.0,1.0,0.0,0.0,0.0,0.0
264182,0.0,0.0,1.0,0.0,1.0,0.0,0.0
264184,0.0,0.0,1.0,0.0,0.0,0.0,0.0
264185,0.0,0.0,1.0,0.0,1.0,0.0,0.0
264186,0.0,0.0,1.0,0.0,0.0,0.0,0.0
264203,0.0,0.0,1.0,0.0,1.0,0.0,0.0
264205,0.0,0.0,1.0,0.0,0.0,0.0,0.0
264206,0.0,0.0,1.0,0.0,1.0,0.0,0.0
264207,0.0,0.0,1.0,0.0,0.0,0.0,0.0
264208,0.0,0.0,1.0,0.0,1.0,0.0,0.0
264209,0.0,0.0,1.0,0.0,0.0,0.0,0.0
264237,0.0,0.0,1.0,0.0,1.0,0.0,0.0
264240,0.0,0.0,1.0,0.0,2.0,0.0,0.0
264241,0.0,0.0,1.0,0.0,0.0,0.0,0.0
264467,0.0,0.0,2.0,0.0,0.0,0.0,0.0
264468,0.0,0.0,0.0,0.0,0.0,0.0,0.0
264516,0.0,0.0,1.0,0.0,0.0,0.0,0.0
264520,0.0,0.0,0.0,0.0,0.0,0.0,0.0
264521,0.0,0.0,1.0,0.0,0.0,0.0,0.0
264522,0.0,0.0,0.0,0.0,0.0,0.0,0.0
264529,0.0,0.0,1.0,0.0,0.0,0.0,0.0
264530,0.0,0.0,0.0,0.0,0.0,0.0,0.0
264593,0.0,0.0,1.0,0.0,0.0,0.0,0.0
264594,0.0,0.0,0.0,0.0,0.0,0.0,0.0
264595,0.0,0.0,1.0,0.0,0.0,0.0,0.0
264631,0.0,0.0,0.0,0.0,0.0,0.0,0.0
264634,0.0,0.0,1.0,0.0,0.0,0.0,0.0
264635,0.0,0.0,0.0,0.0,0.0,0.0,0.0
265308,0.0,2.0,0.0,0.0,0.0,0.0,0.0
265309,0.0,0.0,0.0,0.0,0.0,0.0,0.0
265525,0.0,0.0,0.0,1.0,0.0,1.0,0.0
265526,0.0,0.0,0.0,0.0,0.0,0.0,0.0
265806,0.0,0.0,0.0,0.0,1.0,0.0,0.0
265808,0.0,0.0,0.0,0.0,0.0,0.0,0.0
266484,0.0,0.0,0.0,0.0,1.0,0.0,0.0
266485,0.0,0.0,0.0,0.0,0.0,0.0,0.0
266487,0.0,0.0,0.0,0.0,1.0,0.0,0.0
266488,0.0,0.0,0.0,0.0,0.0,0.0,0.0
266974,0.0,0.0,0.0,0.0,1.0,0.0,0.0
266976,0.0,0.0,0.0,0.0,0.0,0.0,0.0
267303,0.0,0.0,0.0,0.0,1.0,0.0,0.0
267304,0.0,0.0,0.0,0.0,0.0,0.0,0.0
267306,0.0,0.0,0.0,0.0,1.0,0.0,0.0
267310,0.0,0.0,0.0,0.0,0.0,0.0,0.0
267316,0.0,0.0,0.0,0.0,1.0,0.0,0.0
267317,0.0,0.0,0.0,0.0,0.0,0.0,0.0
267399,0.0,0.0,0.0,0.0,1.0,0.0,0.0
267403,0.0,0.0,0.0,0.0,0.0,0.0,0.0
267404,0.0,0.0,0.0,0.0,1.0,0.0,0.0
267405,0.0,0.0,0.0,0.0,0.0,0.0,0.0
267528,0.0,0.0,0.0,0.0,1.0,0.0,0.0
267529,0.0,0.0,0.0,0.0,0.0,0.0,0.0
267541,0.0,0.0,0.0,0.0,1.0,0.0,0.0
267542,0.0,0.0,0.0,0.0,0.0,0.0,0.0
267544,0.0,0.0,0.0,0.0,1.0,0.0,0.0
267546,0.0,0.0,0.0,0.0,0.0,0.0,0.0
267547,0.0,0.0,0.0,0.0,1.0,0.0,0.0
267548,0.0,0.0,0.0,0.0,0.0,0.0,0.0
267549,0.0,0.0,0.0,0.0,1.0,0.0,0.0
267550,0.0,0.0,0.0,0.0,0.0,0.0,0.0
267879,0.0,0.0,0.0,0.0,1.0,0.0,0.0
267880,0.0,0.0,0.0,0.0,0.0,0.0,0.0
267897,0.0,0.0,0.0,0.0,1.0,0.0,0.0
267900,0.0,0.0,0.0,0.0,2.0,0.0,0.0
267901,0.0,0.0,0.0,0.0,0.0,0.0,0.0
268195,0.0,0.0,0.0,0.0,1.0,0.0,0.0
268197,0.0,0.0,0.0,0.0,0.0,0.0,0.0
268198,0.0,0.0,0.0,0.0,1.0,0.0,0.0
268199,0.0,0.0,0.0,0.0,0.0,0.0,0.0
268201,0.0,0.0,0.0,0.0,1.0,0.0,0.0
268202,0.0,0.0,0.0,0.0,0.0,0.0,0.0
268204,0.0,0.0,0.0,0.0,1.0,0.0,0.0
268205,0.0,0.0,0.0,0.0,0.0,0.0,0.0
268207,0.0,0.0,0.0,0.0,1.0,0.0,0.0
268209,0.0,0.0,0.0,0.0,0.0,0.0,0.0
268224,0.0,0.0,0.0,0.0,1.0,0.0,0.0
268227,0.0,0.0,0.0,0.0,2.0,0.0,0.0
268228,0.0,0.0,0.0,0.0,0.0,0.0,0.0
268715,0.0,0.0,0.0,0.0,1.0,0.0,0.0
268716,0.0,0.0,0.0,0.0,0.0,0.0,0.0
268717,0.0,0.0,0.0,0.0,1.0,0.0,0.0
268719,0.0,0.0,0.0,0.0,0.0,0.0,0.0
268808,0.0,0.0,0.0,0.0,1.0,0.0,0.0
268809,0.0,0.0,0.0,0.0,0.0,0.0,0.0
268810,0.0,0.0,0.0,0.0,1.0,0.0,0.0
268811,0.0,0.0,0.0,0.0,0.0,0.0,0.0
268822,0.0,0.0,0.0,0.0,1.0,0.0,0.0
268823,0.0,0.0,0.0,0.0,0.0,0.0,0.0
268921,0.0,0.0,0.0,0.0,1.0,0.0,0.0
268922,0.0,0.0,0.0,0.0,0.0,0.0,0.0
268947,0.0,0.0,0.0,0.0,1.0,0.0,0.0
268948,0.0,0.0,0.0,0.0,0.0,0.0,0.0
268949,0.0,0.0,0.0,0.0,1.0,0.0,0.0
268950,0.0,0.0,0.0,0.0,0.0,0.0,0.0
268954,0.0,0.0,0.0,0.0,1.0,0.0,0.0
268955,0.0,0.0,0.0,0.0,0.0,0.0,0.0
268966,0.0,0.0,0.0,0.0,1.0,0.0,0.0
268971,0.0,0.0,0.0,0.0,2.0,0.0,0.0
268972,0.0,0.0,0.0,0.0,0.0,0.0,0.0
269215,0.0,0.0,0.0,0.0,1.0,0.0,0.0
269216,0.0,0.0,0.0,0.0,0.0,0.0,0.0
270356,0.0,0.0,0.0,0.0,1.0,0.0,0.0
270363,0.0,0.0,0.0,0.0,0.0,0.0,0.0
275000,0.0,0.0,0.0,0.0,0.0,0.0,1.0
275001,0.0,0.0,0.0,0.0,0.0,0.0,0.0
275198,0.0,0.0,0.0,0.0,1.0,0.0,0.0
275203,0.0,0.0,0.0,0.0,0.0,0.0,0.0
275327,0.0,0.0,0.0,0.0,1.0,0.0,0.0
275328,0.0,0.0,0.0,0.0,0.0,0.0,0.0
275332,0.0,0.0,0.0,0.0,1.0,0.0,0.0
275335,0.0,0.0,0.0,0.0,0.0,0.0,0.0
275336,0.0,0.0,0.0,0.0,1.0,0.0,0.0
275337,0.0,0.0,0.0,0.0,2.0,0.0,0.0
275338,0.0,0.0,0.0,0.0,0.0,0.0,0.0
275585,0.0,0.0,0.0,1.0,0.0,1.0,0.0
275586,0.0,0.0,0.0,0.0,0.0,0.0,0.0
275627,0.0,0.0,1.0,0.0,0.0,0.0,0.0
275697,0.0,0.0,2.0,0.0,0.0,0.0,0.0
275698,0.0,0.0,0.0,0.0,0.0,0.0,0.0
275737,0.0,0.0,1.0,0.0,0.0,0.0,0.0
275742,0.0,0.0,2.0,0.0,0.0,0.0,0.0
275743,0.0,0.0,0.0,0.0,0.0,0.0,0.0
275761,0.0,0.0,0.0,1.0,1.0,0.0,0.0
275762,0.0,0.0,0.0,0.0,0.0,0.0,0.0
275763,0.0,0.0,0.0,1.0,1.0,0.0,0.0
275764,0.0,0.0,0.0,0.0,0.0,0.0,0.0
275899,0.0,0.0,1.0,0.0,1.0,0.0,0.0
275900,0.0,0.0,0.0,0.0,0.0,0.0,0.0
275903,0.0,0.0,1.0,0.0,0.0,0.0,0.0
275904,0.0,0.0,1.0,0.0,1.0,0.0,0.0
275905,0.0,0.0,1.0,0.0,0.0,0.0,0.0
275906,0.0,0.0,1.0,0.0,1.0,0.0,0.0
275908,0.0,0.0,1.0,0.0,0.0,0.0,0.0
275909,0.0,0.0,1.0,0.0,1.0,0.0,0.0
275912,0.0,0.0,1.0,0.0,2.0,1.0,0.0
275913,0.0,0.0,0.0,0.0,0.0,0.0,0.0
276112,0.0,0.0,0.0,0.0,1.0,0.0,0.0
276113,0.0,0.0,0.0,0.0,0.0,0.0,0.0
276119,0.0,0.0,0.0,0.0,1.0,0.0,0.0
276120,0.0,0.0,1.0,0.0,1.0,0.0,0.0
276122,0.0,0.0,1.0,0.0,2.0,0.0,0.0
276123,0.0,0.0,1.0,0.0,0.0,0.0,0.0
276125,0.0,0.0,0.0,0.0,0.0,0.0,0.0
276126,0.0,0.0,1.0,0.0,0.0,0.0,0.0
276131,0.0,0.0,0.0,0.0,0.0,0.0,0.0
276148,0.0,0.0,1.0,0.0,0.0,0.0,0.0
276149,0.0,0.0,0.0,0.0,0.0,0.0,0.0
276158,0.0,0.0,1.0,0.0,0.0,0.0,0.0
276159,0.0,0.0,0.0,0.0,0.0,0.0,0.0
276160,0.0,0.0,1.0,0.0,0.0,0.0,0.0
276161,0.0,0.0,0.0,0.0,0.0,0.0,0.0
276176,0.0,0.0,1.0,0.0,0.0,0.0,0.0
276197,0.0,0.0,0.0,0.0,0.0,0.0,0.0
276198,0.0,0.0,1.0,0.0,0.0,0.0,0.0
276205,0.0,0.0,0.0,0.0,0.0,0.0,0.0
276234,0.0,0.0,1.0,0.0,0.0,0.0,0.0
276235,0.0,0.0,0.0,0.0,0.0,0.0,0.0
276236,0.0,0.0,1.0,0.0,0.0,0.0,0.0
276237,0.0,0.0,0.0,0.0,0.0,0.0,0.0
276240,0.0,0.0,1.0,0.0,0.0,0.0,0.0
276266,0.0,0.0,0.0,0.0,0.0,0.0,0.0
276358,0.0,0.0,0.0,0.0,1.0,0.0,0.0
276359,0.0,0.0,0.0,1.0,1.0,1.0,0.0
276360,0.0,0.0,0.0,0.0,0.0,0.0,0.0
277181,0.0,0.0,0.0,0.0,1.0,0.0,0.0
277183,0.0,0.0,0.0,0.0,0.0,0.0,0.0
277184,0.0,0.0,0.0,0.0,1.0,0.0,0.0
277187,0.0,0.0,0.0,0.0,2.0,0.0,0.0
277188,0.0,0.0,0.0,0.0,0.0,0.0,0.0
277652,0.0,0.0,1.0,0.0,0.0,0.0,0.0
277653,0.0,0.0,0.0,0.0,0.0,0.0,0.0
277654,0.0,0.0,1.0,0.0,0.0,0.0,0.0
277655,0.0,0.0,0.0,0.0,0.0,0.0,0.0
277656,0.0,0.0,1.0,0.0,0.0,0.0,0.0
277661,0.0,0.0,0.0,0.0,0.0,0.0,0.0
277662,0.0,0.0,1.0,0.0,0.0,0.0,0.0
277663,0.0,0.0,0.0,0.0,0.0,0.0,0.0
277678,0.0,0.0,1.0,0.0,0.0,0.0,0.0
277679,0.0,0.0,0.0,0.0,0.0,0.0,0.0
277690,0.0,0.0,1.0,0.0,0.0,0.0,0.0
277707,0.0,0.0,0.0,0.0,0.0,0.0,0.0
277708,0.0,0.0,1.0,0.0,0.0,0.0,0.0
277715,0.0,0.0,0.0,0.0,0.0,0.0,0.0
277719,0.0,0.0,1.0,0.0,0.0,0.0,0.0
277720,0.0,0.0,0.0,0.0,0.0,0.0,0.0
277751,0.0,0.0,1.0,0.0,0.0,0.0,0.0
277754,0.0,0.0,0.0,0.0,0.0,0.0,0.0
277755,0.0,0.0,1.0,0.0,0.0,0.0,0.0
277756,0.0,0.0,0.0,0.0,0.0,0.0,0.0
277761,0.0,0.0,1.0,0.0,0.0,0.0,0.0
277772,0.0,0.0,0.0,0.0,0.0,0.0,0.0
278554,0.0,0.0,0.0,0.0,1.0,0.0,0.0
278556,0.0,0.0,0.0,0.0,0.0,0.0,0.0
278794,0.0,0.0,0.0,0.0,1.0,0.0,0.0
278797,0.0,0.0,0.0,0.0,0.0,0.0,0.0
278798,0.0,0.0,0.0,0.0,1.0,0.0,0.0
278799,0.0,0.0,0.0,0.0,0.0,0.0,0.0
279230,0.0,0.0,0.0,0.0,1.0,0.0,0.0
279231,0.0,0.0,0.0,0.0,0.0,0.0,0.0
279233,0.0,0.0,0.0,0.0,1.0,0.0,0.0
279236,0.0,0.0,0.0,0.0,0.0,0.0,0.0
279538,0.0,0.0,0.0,0.0,1.0,0.0,0.0
279540,0.0,0.0,0.0,0.0,0.0,0.0,0.0
279541,0.0,0.0,0.0,0.0,1.0,0.0,0.0
279543,0.0,0.0,0.0,0.0,0.0,0.0,0.0
279544,0.0,0.0,0.0,0.0,1.0,0.0,0.0
279547,0.0,0.0,0.0,0.0,0.0,0.0,0.0
279747,0.0,0.0,1.0,0.0,0.0,0.0,0.0
279758,0.0,0.0,0.0,0.0,0.0,0.0,0.0
279869,0.0,0.0,1.0,0.0,0.0,0.0,0.0
279872,0.0,0.0,0.0,0.0,0.0,0.0,0.0
279873,0.0,0.0,1.0,0.0,0.0,0.0,0.0
279909,0.0,0.0,0.0,0.0,0.0,0.0,0.0
279912,0.0,0.0,1.0,0.0,0.0,0.0,0.0
279913,0.0,0.0,0.0,0.0,0.0,0.0,0.0
279948,0.0,0.0,1.0,0.0,0.0,0.0,0.0
279949,0.0,0.0,0.0,0.0,0.0,0.0,0.0
279950,0.0,0.0,1.0,0.0,0.0,0.0,0.0
279951,0.0,0.0,0.0,0.0,0.0,0.0,0.0
279967,0.0,0.0,1.0,0.0,0.0,0.0,0.0
279968,0.0,0.0,0.0,0.0,0.0,0.0,0.0
279973,0.0,0.0,1.0,0.0,0.0,0.0,0.0
279984,0.0,0.0,0.0,0.0,0.0,0.0,0.0
279985,0.0,0.0,1.0,0.0,0.0,0.0,0.0
279986,0.0,0.0,0.0,0.0,0.0,0.0,0.0
279991,0.0,0.0,1.0,0.0,0.0,0.0,0.0
279994,0.0,0.0,0.0,0.0,0.0,0.0,0.0
279995,0.0,0.0,1.0,0.0,0.0,0.0,0.0
279996,0.0,0.0,0.0,0.0,0.0,0.0,0.0
279997,0.0,0.0,1.0,0.0,0.0,0.0,0.0
280011,0.0,0.0,0.0,0.0,0.0,0.0,0.0
280295,0.0,0.0,1.0,0.0,0.0,0.0,0.0
280296,0.0,0.0,1.0,0.0,1.0,0.0,0.0
280304,0.0,0.0,1.0,0.0,0.0,0.0,0.0
280305,0.0,0.0,1.0,0.0,1.0,0.0,0.0
280307,0.0,0.0,1.0,0.0,0.0,0.0,0.0
280365,0.0,0.0,0.0,0.0,0.0,0.0,0.0
280366,0.0,0.0,1.0,0.0,0.0,0.0,0.0
280367,0.0,0.0,0.0,0.0,0.0,0.0,0.0
280384,0.0,0.0,1.0,0.0,0.0,0.0,0.0
280400,0.0,0.0,0.0,0.0,0.0,0.0,0.0
280401,0.0,0.0,1.0,0.0,0.0,0.0,0.0
280406,0.0,0.0,0.0,0.0,0.0,0.0,0.0
280413,0.0,0.0,1.0,0.0,0.0,0.0,0.0
280414,0.0,0.0,0.0,0.0,0.0,0.0,0.0
280415,0.0,0.0,1.0,0.0,0.0,0.0,0.0
280418,0.0,0.0,0.0,0.0,0.0,0.0,0.0
280425,0.0,0.0,1.0,0.0,0.0,0.0,0.0
280428,0.0,0.0,0.0,0.0,0.0,0.0,0.0
280431,0.0,0.0,1.0,0.0,0.0,0.0,0.0
280432,0.0,0.0,0.0,0.0,0.0,0.0,0.0
280433,0.0,0.0,1.0,0.0,0.0,0.0,0.0
280444,0.0,0.0,0.0,0.0,0.0,0.0,0.0
280454,0.0,0.0,1.0,0.0,0.0,0.0,0.0
280455,0.0,0.0,0.0,0.0,0.0,0.0,0.0
280456,0.0,0.0,1.0,0.0,0.0,0.0,0.0
280457,0.0,0.0,0.0,0.0,0.0,0.0,0.0
280458,0.0,0.0,1.0,0.0,0.0,0.0,0.0
280555,0.0,0.0,0.0,0.0,0.0,0.0,0.0
281591,0.0,0.0,0.0,0.0,1.0,0.0,0.0
281592,0.0,0.0,0.0,0.0,0.0,0.0,0.0
281593,0.0,0.0,0.0,0.0,1.0,0.0,0.0
281597,0.0,0.0,0.0,0.0,0.0,0.0,0.0
281599,0.0,0.0,0.0,0.0,1.0,0.0,0.0
281600,0.0,0.0,0.0,0.0,0.0,0.0,0.0
281601,0.0,0.0,0.0,0.0,1.0,0.0,0.0
281602,0.0,0.0,0.0,0.0,0.0,0.0,0.0
287000,0.0,0.0,0.0,0.0,0.0,0.0,1.0
287001,0.0,0.0,0.0,0.0,0.0,0.0,0.0
287420,0.0,0.0,0.0,0.0,1.0,0.0,0.0
287421,0.0,0.0,0.0,0.0,0.0,0.0,0.0
287431,0.0,0.0,0.0,0.0,1.0,0.0,0.0
287432,0.0,0.0,0.0,0.0,0.0,0.0,0.0
287435,0.0,0.0,0.0,0.0,1.0,0.0,0.0
287437,0.0,0.0,0.0,0.0,2.0,0.0,0.0
287438,0.0,0.0,0.0,0.0,0.0,0.0,0.0
287571,0.0,0.0,0.0,1.0,0.0,1.0,0.0
287572,0.0,0.0,0.0,0.0,0.0,0.0,0.0
288786,0.0,0.0,0.0,0.0,1.0,0.0,0.0
288791,0.0,0.0,0.0,0.0,2.0,0.0,0.0
288792,0.0,0.0,0.0,0.0,0.0,0.0,0.0
288851,0.0,0.0,0.0,1.0,0.0,1.0,0.0
288852,0.0,0.0,0.0,0.0,0.0,0.0,0.0
289036,0.0,0.0,0.0,1.0,0.0,0.0,0.0
289037,0.0,0.0,0.0,0.0,0.0,0.0,0.0
289524,0.0,0.0,0.0,0.0,1.0,0.0,0.0
289525,0.0,0.0,0.0,0.0,0.0,0.0,0.0
289692,0.0,0.0,0.0,0.0,1.0,0.0,0.0
289696,0.0,0.0,0.0,0.0,0.0,0.0,0.0
289956,0.0,0.0,0.0,0.0,1.0,0.0,0.0
289957,0.0,0.0,0.0,0.0,0.0,0.0,0.0
289959,0.0,0.0,0.0,0.0,1.0,0.0,0.0
289960,0.0,0.0,0.0,0.0,0.0,0.0,0.0
289962,0.0,0.0,1.0,0.0,1.0,0.0,0.0
289964,0.0,0.0,1.0,0.0,0.0,0.0,0.0
289965,0.0,0.0,1.0,0.0,1.0,0.0,0.0
289968,0.0,0.0,1.0,0.0,2.0,1.0,0.0
289969,0.0,0.0,0.0,0.0,0.0,0.0,0.0
290034,0.0,0.0,1.0,0.0,0.0,0.0,0.0
290037,0.0,0.0,0.0,0.0,0.0,0.0,0.0
290038,0.0,0.0,1.0,0.0,0.0,0.0,0.0
290053,0.0,0.0,0.0,0.0,0.0,0.0,0.0
290054,0.0,0.0,1.0,0.0,0.0,0.0,0.0
290056,0.0,0.0,0.0,0.0,0.0,0.0,0.0
290066,0.0,0.0,1.0,0.0,0.0,0.0,0.0
290067,0.0,0.0,0.0,0.0,0.0,0.0,0.0
290071,0.0,0.0,1.0,0.0,0.0,0.0,0.0
290078,0.0,0.0,0.0,0.0,0.0,0.0,0.0
290080,0.0,0.0,1.0,0.0,0.0,0.0,0.0
290083,0.0,0.0,0.0,0.0,0.0,0.0,0.0
290086,0.0,0.0,1.0,0.0,0.0,0.0,0.0
290092,0.0,0.0,0.0,0.0,0.0,0.0,0.0
290093,0.0,0.0,1.0,0.0,0.0,0.0,0.0
290182,0.0,0.0,0.0,0.0,0.0,0.0,0.0
290196,0.0,0.0,1.0,0.0,0.0,0.0,0.0
290197,0.0,0.0,0.0,0.0,0.0,0.0,0.0
290198,0.0,0.0,1.0,0.0,0.0,0.0,0.0
290202,0.0,0.0,0.0,0.0,0.0,0.0,0.0
290203,0.0,0.0,1.0,0.0,0.0,0.0,0.0
290206,0.0,0.0,0.0,0.0,0.0,0.0,0.0
290209,0.0,0.0,1.0,0.0,0.0,0.0,0.0
290767,0.0,0.0,1.0,0.0,1.0,0.0,0.0
290771,0.0,0.0,1.0,0.0,2.0,0.0,0.0
290772,0.0,0.0,1.0,0.0,0.0,0.0,0.0
292351,0.0,0.0,1.0,0.0,1.0,0.0,0.0
292352,0.0,0.0,1.0,0.0,0.0,0.0,0.0
292507,0.0,0.0,1.0,0.0,1.0,0.0,0.0
292508,0.0,0.0,1.0,0.0,0.0,0.0,0.0
292509,0.0,0.0,1.0,0.0,1.0,0.0,0.0
292510,0.0,0.0,1.0,0.0,0.0,0.0,0.0
292519,0.0,0.0,1.0,0.0,1.0,0.0,0.0
292520,0.0,0.0,1.0,0.0,0.0,0.0,0.0
292607,0.0,0.0,1.0,0.0,1.0,0.0,0.0
292608,0.0,0.0,1.0,0.0,0.0,0.0,0.0
292936,0.0,0.0,1.0,0.0,1.0,0.0,0.0
292945,0.0,0.0,1.0,0.0,2.0,0.0,0.0
292946,0.0,0.0,1.0,0.0,0.0,0.0,0.0
293904,0.0,0.0,0.0,0.0,0.0,0.0,0.0
295372,0.0,0.0,0.0,0.0,1.0,0.0,0.0
295373,0.0,0.0,0.0,0.0,0.0,0.0,0.0
295507,0.0,0.0,0.0,0.0,1.0,0.0,0.0
295510,0.0,0.0,0.0,0.0,0.0,0.0,0.0
295516,0.0,0.0,0.0,0.0,1.0,0.0,0.0
295517,0.0,0.0,0.0,1.0,2.0,1.0,0.0
295518,0.0,0.0,0.0,0.0,0.0,0.0,0.0
296680,0.0,0.0,0.0,0.0,1.0,0.0,0.0
296686,0.0,0.0,0.0,0.0,0.0,0.0,0.0
296734,0.0,0.0,1.0,0.0,0.0,0.0,0.0
296802,0.0,0.0,0.0,0.0,0.0,0.0,0.0
296806,0.0,0.0,1.0,0.0,0.0,0.0,0.0
296807,0.0,0.0,0.0,0.0,0.0,0.0,0.0
296905,0.0,0.0,1.0,0.0,0.0,0.0,0.0
296908,0.0,0.0,0.0,0.0,0.0,0.0,0.0
296909,0.0,0.0,1.0,0.0,0.0,0.0,0.0
296913,0.0,0.0,0.0,0.0,0.0,0.0,0.0
296921,0.0,0.0,1.0,0.0,0.0,0.0,0.0
296923,0.0,0.0,0.0,0.0,0.0,0.0,0.0
297707,0.0,0.0,1.0,0.0,0.0,0.0,0.0
297709,0.0,0.0,0.0,0.0,0.0,0.0,0.0
297712,0.0,0.0,1.0,0.0,0.0,0.0,0.0
297714,0.0,0.0,0.0,0.0,0.0,0.0,0.0
297728,0.0,0.0,1.0,0.0,0.0,0.0,0.0
297730,0.0,0.0,0.0,0.0,0.0,0.0,0.0
297734,0.0,0.0,1.0,0.0,0.0,0.0,0.0
297740,0.0,0.0,0.0,0.0,0.0,0.0,0.0
297743,0.0,0.0,1.0,0.0,0.0,0.0,0.0
297755,0.0,0.0,0.0,0.0,0.0,0.0,0.0
297759,0.0,0.0,1.0,0.0,0.0,0.0,0.0
297760,0.0,0.0,0.0,0.0,0.0,0.0,0.0
297773,0.0,0.0,1.0,0.0,0.0,0.0,0.0
298111,0.0,0.0,0.0,0.0,0.0,0.0,0.0
298112,0.0,0.0,1.0,0.0,0.0,0.0,0.0
298126,0.0,0.0,0.0,0.0,0.0,0.0,0.0
298127,0.0,0.0,1.0,0.0,0.0,0.0,0.0
298131,0.0,0.0,0.0,0.0,0.0,0.0,0.0
298142,0.0,0.0,1.0,0.0,0.0,0.0,0.0
299000,0.0,0.0,1.0,0.0,0.0,0.0,1.0
299001,0.0,0.0,1.0,0.0,0.0,0.0,0.0
299057,0.0,2.0,1.0,0.0,0.0,0.0,0.0
299058,0.0,0.0,1.0,0.0,0.0,0.0,0.0
299312,0.0,0.0,2.0,0.0,0.0,0.0,0.0
299313,0.0,0.0,0.0,0.0,0.0,0.0,0.0
299346,0.0,0.0,1.0,0.0,0.0,0.0,0.0
299349,0.0,0.0,1.0,0.0,1.0,0.0,0.0
299350,0.0,0.0,1.0,0.0,0.0,0.0,0.0
299351,0.0,0.0,1.0,0.0,1.0,0.0,0.0
299352,0.0,0.0,1.0,0.0,0.0,0.0,0.0
299353,0.0,0.0,1.0,0.0,1.0,0.0,0.0
299354,0.0,0.0,1.0,0.0,0.0,0.0,0.0
299359,0.0,0.0,0.0,0.0,0.0,0.0,0.0
299361,0.0,0.0,1.0,0.0,0.0,0.0,0.0
299368,0.0,0.0,0.0,0.0,0.0,0.0,0.0
299384,0.0,0.0,1.0,0.0,0.0,0.0,0.0
299385,0.0,0.0,0.0,0.0,0.0,0.0,0.0
299394,0.0,0.0,1.0,0.0,0.0,0.0,0.0
299396,0.0,0.0,0.0,0.0,0.0,0.0,0.0
299397,0.0,0.0,1.0,0.0,0.0,0.0,0.0
299399,0.0,0.0,0.0,0.0,0.0,0.0,0.0
299434,0.0,0.0,0.0,0.0,1.0,0.0,0.0
299436,0.0,0.0,0.0,0.0,0.0,0.0,0.0
299437,0.0,0.0,0.0,0.0,1.0,0.0,0.0
299438,0.0,0.0,0.0,0.0,0.0,0.0,0.0
299439,0.0,0.0,1.0,0.0,1.0,0.0,0.0
299442,0.0,0.0,1.0,0.0,0.0,0.0,0.0
299443,0.0,0.0,0.0,0.0,0.0,0.0,0.0
299528,0.0,0.0,0.0,1.0,0.0,0.0,0.0
299542,0.0,0.0,0.0,0.0,0.0,0.0,0.0
299543,0.0,0.0,0.0,1.0,0.0,0.0,0.0
299560,0.0,0.0,0.0,1.0,1.0,0.0,0.0
299563,0.0,0.0,0.0,1.0,0.0,0.0,0.0
299567,0.0,0.0,0.0,1.0,1.0,0.0,0.0
299568,0.0,0.0,0.0,1.0,0.0,0.0,0.0
299613,2.0,0.0,0.0,1.0,0.0,0.0,0.0
299614,0.0,0.0,0.0,1.0,0.0,0.0,0.0
299645,2.0,0.0,0.0,1.0,0.0,0.0,0.0
299646,0.0,0.0,0.0,1.0,0.0,0.0,0.0
299653,0.0,0.0,0.0,2.0,0.0,1.0,0.0
299654,0.0,0.0,0.0,0.0,0.0,0.0,0.0
299801,0.0,0.0,0.0,0.0,1.0,0.0,0.0
299806,0.0,0.0,1.0,0.0,1.0,0.0,0.0
299807,0.0,0.0,0.0,0.0,1.0,0.0,0.0
299808,0.0,0.0,0.0,0.0,0.0,0.0,0.0
299813,0.0,0.0,1.0,0.0,0.0,0.0,0.0
299814,0.0,0.0,0.0,0.0,0.0,0.0,0.0
299821,0.0,0.0,1.0,0.0,0.0,0.0,0.0
299831,0.0,0.0,0.0,0.0,0.0,0.0,0.0
299837,0.0,0.0,1.0,0.0,0.0,0.0,0.0
299838,0.0,0.0,0.0,0.0,0.0,0.0,0.0
300433,0.0,0.0,0.0,0.0,1.0,0.0,0.0
300434,0.0,0.0,0.0,0.0,0.0,0.0,0.0
300436,0.0,0.0,0.0,0.0,1.0,0.0,0.0
300439,0.0,0.0,0.0,0.0,2.0,0.0,0.0
300440,0.0,0.0,0.0,0.0,0.0,0.0,0.0
300502,0.0,0.0,1.0,0.0,0.0,0.0,0.0
300503,0.0,0.0,0.0,0.0,0.0,0.0,0.0
300510,0.0,0.0,1.0,0.0,0.0,0.0,0.0
300511,0.0,0.0,0.0,0.0,0.0,0.0,0.0
300512,0.0,0.0,1.0,0.0,0.0,0.0,0.0
300513,0.0,0.0,0.0,0.0,0.0,0.0,0.0
300521,0.0,0.0,1.0,0.0,0.0,0.0,0.0
300601,0.0,0.0,0.0,0.0,0.0,0.0,0.0
300610,0.0,0.0,1.0,0.0,0.0,0.0,0.0
300612,0.0,0.0,0.0,0.0,0.0,0.0,0.0
300613,0.0,0.0,1.0,0.0,0.0,0.0,0.0
300622,0.0,0.0,0.0,0.0,0.0,0.0,0.0
300625,0.0,0.0,1.0,0.0,0.0,0.0,0.0
300688,0.0,0.0,0.0,0.0,0.0,0.0,0.0
300689,0.0,0.0,1.0,0.0,0.0,0.0,0.0
300691,0.0,0.0,0.0,0.0,0.0,0.0,0.0
300692,0.0,0.0,1.0,0.0,0.0,0.0,0.0
301406,0.0,0.0,1.0,0.0,1.0,0.0,0.0
301409,0.0,0.0,1.0,0.0,2.0,0.0,0.0
301410,0.0,0.0,1.0,0.0,0.0,0.0,0.0
301506,0.0,2.0,1.0,0.0,0.0,0.0,0.0
301507,0.0,0.0,1.0,0.0,0.0,0.0,0.0
301892,0.0,0.0,1.0,0.0,1.0,0.0,0.0
301893,0.0,0.0,1.0,0.0,0.0,0.0,0.0
301895,0.0,0.0,1.0,0.0,1.0,0.0,0.0
301896,0.0,0.0,1.0,0.0,0.0,0.0,0.0
301901,0.0,0.0,1.0,0.0,1.0,0.0,0.0
301903,0.0,0.0,1.0,0.0,0.0,0.0,0.0
302006,0.0,0.0,1.0,0.0,1.0,0.0,0.0
302007,0.0,0.0,1.0,0.0,0.0,0.0,0.0
302019,0.0,0.0,1.0,0.0,1.0,0.0,0.0
302021,0.0,0.0,1.0,0.0,0.0,0.0,0.0
302022,0.0,0.0,1.0,0.0,1.0,0.0,0.0
302024,0.0,0.0,1.0,0.0,0.0,0.0,0.0
302025,0.0,0.0,1.0,0.0,1.0,0.0,0.0
302027,0.0,0.0,1.0,0.0,2.0,0.0,0.0
302028,0.0,0.0,1.0,0.0,0.0,0.0,0.0
302501,0.0,0.0,1.0,0.0,1.0,0.0,0.0
302503,0.0,0.0,1.0,0.0,0.0,0.0,0.0
302507,0.0,0.0,1.0,0.0,1.0,0.0,0.0
302508,0.0,0.0,1.0,0.0,0.0,0.0,0.0
302522,0.0,0.0,1.0,0.0,1.0,0.0,0.0
302523,0.0,0.0,1.0,0.0,0.0,0.0,0.0
302642,0.0,0.0,1.0,0.0,1.0,0.0,0.0
302644,0.0,0.0,1.0,0.0,0.0,0.0,0.0
302659,0.0,0.0,1.0,0.0,1.0,0.0,0.0
302660,0.0,0.0,1.0,0.0,0.0,0.0,0.0
303067,0.0,0.0,1.0,0.0,1.0,0.0,0.0
303071,0.0,0.0,1.0,0.0,0.0,0.0,0.0
303210,0.0,0.0,1.0,0.0,1.0,0.0,0.0
303211,0.0,0.0,1.0,0.0,0.0,0.0,0.0
303229,0.0,0.0,1.0,0.0,1.0,0.0,0.0
303231,0.0,0.0,1.0,0.0,0.0,0.0,0.0
303232,0.0,0.0,1.0,0.0,1.0,0.0,0.0
303233,0.0,0.0,1.0,0.0,0.0,0.0,0.0
303906,0.0,0.0,1.0,0.0,1.0,0.0,0.0
303907,0.0,0.0,1.0,0.0,0.0,0.0,0.0
303926,0.0,0.0,1.0,0.0,1.0,0.0,0.0
303927,0.0,0.0,1.0,0.0,0.0,0.0,0.0
304001,0.0,0.0,1.0,0.0,1.0,0.0,0.0
304008,0.0,0.0,1.0,0.0,0.0,0.0,0.0
304009,0.0,0.0,1.0,0.0,1.0,0.0,0.0
304010,0.0,0.0,1.0,0.0,0.0,0.0,0.0
304054,0.0,0.0,1.0,0.0,1.0,0.0,0.0
304058,0.0,0.0,1.0,0.0,0.0,0.0,0.0
304377,0.0,0.0,1.0,0.0,1.0,0.0,0.0
304378,0.0,0.0,1.0,0.0,0.0,0.0,0.0
304380,0.0,0.0,1.0,0.0,1.0,0.0,0.0
304382,0.0,0.0,1.0,0.0,0.0,0.0,0.0
304393,0.0,0.0,1.0,0.0,1.0,0.0,0.0
304394,0.0,0.0,1.0,0.0,0.0,0.0,0.0
304553,0.0,0.0,1.0,0.0,1.0,0.0,0.0
304554,0.0,0.0,1.0,0.0,0.0,0.0,0.0
304650,0.0,0.0,1.0,0.0,1.0,0.0,0.0
304653,0.0,0.0,1.0,0.0,0.0,0.0,0.0
304655,0.0,0.0,1.0,0.0,1.0,0.0,0.0
304656,0.0,0.0,1.0,0.0,0.0,0.0,0.0
304809,0.0,0.0,1.0,0.0,1.0,0.0,0.0
304810,0.0,0.0,1.0,0.0,0.0,0.0,0.0
304811,0.0,0.0,1.0,0.0,1.0,0.0,0.0
304813,0.0,0.0,1.0,0.0,0.0,0.0,0.0
305020,0.0,0.0,1.0,0.0,1.0,0.0,0.0
305022,0.0,0.0,1.0,0.0,0.0,0.0,0.0
305637,0.0,0.0,0.0,0.0,0.0,0.0,0.0
307449,0.0,0.0,0.0,0.0,1.0,0.0,0.0
307450,0.0,0.0,0.0,0.0,0.0,0.0,0.0
307451,0.0,0.0,0.0,0.0,1.0,0.0,0.0
307452,0.0,0.0,0.0,0.0,2.0,0.0,0.0
307453,0.0,0.0,0.0,0.0,0.0,0.0,0.0
309228,0.0,0.0,0.0,0.0,1.0,0.0,0.0
309231,0.0,0.0,0.0,0.0,0.0,0.0,0.0
309350,0.0,0.0,0.0,0.0,1.0,0.0,0.0
309352,0.0,0.0,0.0,0.0,0.0,0.0,0.0
309356,0.0,0.0,0.0,0.0,1.0,0.0,0.0
309357,0.0,0.0,0.0,0.0,0.0,0.0,0.0
309358,0.0,0.0,0.0,0.0,1.0,0.0,0.0
309359,0.0,0.0,0.0,0.0,0.0,0.0,0.0
309360,0.0,0.0,0.0,0.0,1.0,0.0,0.0
309362,0.0,0.0,0.0,0.0,0.0,0.0,0.0
309365,0.0,0.0,0.0,0.0,1.0,0.0,0.0
309366,0.0,0.0,0.0,0.0,0.0,0.0,0.0
311000,0.0,0.0,0.0,0.0,0.0,0.0,1.0
311001,0.0,0.0,0.0,0.0,0.0,0.0,0.0
311523,0.0,0.0,0.0,0.0,1.0,0.0,0.0
311524,0.0,0.0,0.0,0.0,0.0,0.0,0.0
311525,0.0,0.0,0.0,0.0,1.0,0.0,0.0
311526,0.0,0.0,0.0,1.0,2.0,1.0,0.0
311527,0.0,0.0,0.0,0.0,0.0,0.0,0.0
311676,0.0,0.0,1.0,0.0,0.0,0.0,0.0
311687,0.0,0.0,0.0,0.0,0.0,0.0,0.0
311736,0.0,0.0,1.0,0.0,0.0,0.0,0.0
311738,0.0,0.0,0.0,0.0,0.0,0.0,0.0
311739,0.0,0.0,1.0,0.0,0.0,0.0,0.0
311740,0.0,0.0,0.0,0.0,0.0,0.0,0.0
311741,0.0,0.0,1.0,0.0,0.0,0.0,0.0
311778,0.0,0.0,0.0,0.0,0.0,0.0,0.0
311827,0.0,0.0,1.0,0.0,0.0,0.0,0.0
311829,0.0,0.0,1.0,1.0,1.0,0.0,0.0
311832,0.0,0.0,1.0,2.0,2.0,1.0,0.0
311833,0.0,0.0,0.0,0.0,0.0,0.0,0.0
311930,0.0,0.0,1.0,0.0,0.0,0.0,0.0
311931,0.0,0.0,0.0,0.0,0.0,0.0,0.0
311932,0.0,0.0,1.0,0.0,0.0,0.0,0.0
311934,0.0,0.0,0.0,0.0,0.0,0.0,0.0
311935,0.0,0.0,1.0,0.0,0.0,0.0,0.0
311936,0.0,0.0,0.0,0.0,0.0,0.0,0.0
312340,0.0,0.0,0.0,0.0,1.0,0.0,0.0
312346,0.0,0.0,0.0,0.0,0.0,0.0,0.0
312347,0.0,0.0,0.0,0.0,1.0,0.0,0.0
312351,0.0,0.0,0.0,0.0,0.0,0.0,0.0
312359,0.0,0.0,1.0,0.0,0.0,0.0,0.0
312360,0.0,0.0,0.0,0.0,0.0,0.0,0.0
312373,0.0,0.0,1.0,0.0,0.0,0.0,0.0
312374,0.0,0.0,0.0,0.0,0.0,0.0,0.0
312377,0.0,0.0,1.0,0.0,0.0,0.0,0.0
312378,0.0,0.0,0.0,0.0,0.0,0.0,0.0
312379,0.0,0.0,1.0,0.0,0.0,0.0,0.0
312382,0.0,0.0,0.0,0.0,0.0,0.0,0.0
312386,0.0,0.0,1.0,0.0,0.0,0.0,0.0
312387,0.0,0.0,0.0,0.0,0.0,0.0,0.0
312398,0.0,0.0,1.0,0.0,0.0,0.0,0.0
312566,0.0,0.0,1.0,0.0,1.0,0.0,0.0
312569,0.0,0.0,1.0,0.0,2.0,0.0,0.0
312570,0.0,0.0,1.0,0.0,0.0,0.0,0.0
313220,0.0,0.0,1.0,0.0,1.0,0.0,0.0
313221,0.0,0.0,1.0,0.0,0.0,0.0,0.0
313712,0.0,0.0,1.0,0.0,1.0,0.0,0.0
313714,0.0,0.0,1.0,0.0,0.0,0.0,0.0
313715,0.0,0.0,1.0,0.0,1.0,0.0,0.0
313716,0.0,0.0,1.0,0.0,0.0,0.0,0.0
313726,0.0,0.0,1.0,0.0,1.0,0.0,0.0
313727,0.0,0.0,1.0,0.0,0.0,0.0,0.0
313732,0.0,0.0,1.0,0.0,1.0,0.0,0.0
313734,0.0,0.0,1.0,0.0,0.0,0.0,0.0
313776,0.0,0.0,1.0,0.0,1.0,0.0,0.0
313778,0.0,0.0,1.0,0.0,0.0,0.0,0.0
313854,0.0,0.0,1.0,0.0,1.0,0.0,0.0
313855,0.0,0.0,1.0,0.0,0.0,0.0,0.0
313857,0.0,0.0,1.0,0.0,1.0,0.0,0.0
313858,0.0,0.0,1.0,0.0,0.0,0.0,0.0
313860,0.0,0.0,1.0,0.0,1.0,0.0,0.0
313862,0.0,0.0,1.0,0.0,0.0,0.0,0.0
313863,0.0,0.0,1.0,0.0,1.0,0.0,0.0
313865,0.0,0.0,1.0,1.0,1.0,1.0,0.0
313866,0.0,0.0,0.0,0.0,0.0,0.0,0.0
313969,0.0,0.0,1.0,0.0,0.0,0.0,0.0
313972,0.0,0.0,0.0,0.0,0.0,0.0,0.0
313973,0.0,0.0,1.0,0.0,0.0,0.0,0.0
314555,0.0,0.0,0.0,0.0,0.0,0.0,0.0
314556,0.0,0.0,1.0,0.0,0.0,0.0,0.0
314602,0.0,0.0,1.0,0.0,1.0,0.0,0.0
314603,0.0,0.0,1.0,0.0,0.0,0.0,0.0
314809,0.0,0.0,0.0,0.0,0.0,0.0,0.0
314835,0.0,0.0,1.0,0.0,0.0,0.0,0.0
314839,0.0,0.0,0.0,0.0,0.0,0.0,0.0
314840,0.0,0.0,1.0,0.0,0.0,0.0,0.0
314891,0.0,0.0,0.0,0.0,0.0,0.0,0.0
314895,0.0,0.0,1.0,0.0,0.0,0.0,0.0
314896,0.0,0.0,0.0,0.0,0.0,0.0,0.0
314897,0.0,0.0,1.0,0.0,0.0,0.0,0.0
314898,0.0,0.0,0.0,0.0,0.0,0.0,0.0
314899,0.0,0.0,1.0,0.0,0.0,0.0,0.0
314900,0.0,0.0,0.0,0.0,0.0,0.0,0.0
315340,0.0,0.0,0.0,0.0,1.0,0.0,0.0
315341,0.0,0.0,0.0,0.0,0.0,0.0,0.0
315342,0.0,0.0,0.0,0.0,1.0,0.0,0.0
315343,0.0,0.0,0.0,0.0,0.0,0.0,0.0
315347,0.0,0.0,0.0,0.0,1.0,0.0,0.0
315350,0.0,0.0,0.0,0.0,2.0,0.0,0.0
315351,0.0,0.0,0.0,0.0,0.0,0.0,0.0
315694,0.0,0.0,0.0,0.0,1.0,0.0,0.0
315696,0.0,0.0,0.0,0.0,0.0,0.0,0.0
319059,0.0,0.0,0.0,0.0,1.0,0.0,0.0
319061,0.0,0.0,0.0,0.0,2.0,0.0,0.0
319062,0.0,0.0,0.0,1.0,0.0,1.0,0.0
319063,0.0,0.0,0.0,0.0,0.0,0.0,0.0
319181,0.0,0.0,1.0,0.0,0.0,0.0,0.0
319203,0.0,0.0,0.0,0.0,0.0,0.0,0.0
319204,0.0,0.0,1.0,0.0,0.0,0.0,0.0
319225,0.0,0.0,0.0,0.0,0.0,0.0,0.0
319227,0.0,0.0,1.0,0.0,0.0,0.0,0.0
319230,0.0,0.0,0.0,0.0,0.0,0.0,0.0
319653,0.0,0.0,1.0,0.0,0.0,0.0,0.0
319654,0.0,0.0,0.0,0.0,0.0,0.0,0.0
319655,0.0,0.0,1.0,0.0,0.0,0.0,0.0
319659,0.0,0.0,0.0,0.0,0.0,0.0,0.0
319661,0.0,0.0,1.0,0.0,0.0,0.0,0.0
319668,0.0,0.0,0.0,0.0,0.0,0.0,0.0
319669,0.0,0.0,1.0,0.0,0.0,0.0,0.0
319686,0.0,0.0,0.0,0.0,0.0,0.0,0.0
322015,0.0,0.0,0.0,0.0,1.0,0.0,0.0
322016,0.0,0.0,0.0,0.0,0.0,0.0,0.0
322017,0.0,0.0,0.0,0.0,1.0,0.0,0.0
322019,0.0,0.0,0.0,0.0,0.0,0.0,0.0
322021,0.0,0.0,0.0,0.0,1.0,0.0,0.0
322022,0.0,0.0,0.0,0.0,0.0,0.0,0.0
322023,0.0,0.0,0.0,0.0,1.0,0.0,0.0
322024,0.0,0.0,0.0,0.0,0.0,0.0,0.0
322025,0.0,0.0,0.0,0.0,1.0,0.0,0.0
322027,0.0,0.0,0.0,0.0,0.0,0.0,0.0
322028,0.0,0.0,0.0,0.0,1.0,0.0,0.0
322029,0.0,0.0,0.0,0.0,0.0,0.0,0.0
322030,0.0,0.0,0.0,0.0,1.0,0.0,0.0
322034,0.0,0.0,0.0,0.0,0.0,0.0,0.0
323000,0.0,0.0,0.0,0.0,0.0,0.0,1.0
323001,0.0,0.0,0.0,0.0,0.0,0.0,0.0
323042,0.0,0.0,0.0,1.0,0.0,0.0,0.0
323043,0.0,0.0,0.0,0.0,0.0,0.0,0.0
323050,0.0,0.0,0.0,0.0,1.0,0.0,0.0
323051,0.0,0.0,0.0,0.0,0.0,0.0,0.0
323053,0.0,0.0,0.0,0.0,1.0,0.0,0.0
323054,0.0,0.0,0.0,0.0,0.0,0.0,0.0
323191,0.0,0.0,0.0,0.0,1.0,0.0,0.0
323192,0.0,0.0,0.0,0.0,0.0,0.0,0.0
323193,0.0,0.0,0.0,0.0,1.0,0.0,0.0
323195,0.0,0.0,0.0,0.0,0.0,0.0,0.0
323341,0.0,0.0,0.0,0.0,1.0,0.0,0.0
323342,0.0,0.0,0.0,0.0,0.0,0.0,0.0
323346,0.0,0.0,0.0,0.0,1.0,0.0,0.0
323347,0.0,0.0,0.0,0.0,0.0,0.0,0.0
323352,0.0,0.0,0.0,0.0,1.0,0.0,0.0
323353,0.0,0.0,0.0,0.0,0.0,0.0,0.0
323354,0.0,0.0,0.0,0.0,1.0,0.0,0.0
323357,0.0,0.0,0.0,0.0,2.0,1.0,0.0
323358,0.0,0.0,0.0,0.0,0.0,0.0,0.0
323396,0.0,0.0,1.0,0.0,0.0,0.0,0.0
323400,0.0,0.0,0.0,0.0,0.0,0.0,0.0
323401,0.0,0.0,1.0,0.0,0.0,0.0,0.0
323402,0.0,0.0,0.0,0.0,0.0,0.0,0.0
323403,0.0,0.0,1.0,0.0,0.0,0.0,0.0
323435,0.0,0.0,0.0,0.0,0.0,0.0,0.0
323441,0.0,0.0,1.0,0.0,0.0,0.0,0.0
323443,0.0,0.0,0.0,0.0,0.0,0.0,0.0
323444,0.0,0.0,1.0,0.0,0.0,0.0,0.0
323455,0.0,0.0,0.0,0.0,0.0,0.0,0.0
323456,0.0,0.0,1.0,0.0,0.0,0.0,0.0
323470,0.0,0.0,0.0,0.0,0.0,0.0,0.0
323471,0.0,0.0,1.0,0.0,0.0,0.0,0.0
323473,0.0,0.0,0.0,0.0,0.0,0.0,0.0
323478,0.0,0.0,1.0,0.0,0.0,0.0,0.0
323482,0.0,0.0,0.0,0.0,0.0,0.0,0.0
323776,0.0,0.0,0.0,0.0,1.0,0.0,0.0
323777,0.0,0.0,0.0,0.0,0.0,0.0,0.0
323778,0.0,0.0,0.0,0.0,1.0,0.0,0.0
323779,0.0,0.0,0.0,0.0,0.0,0.0,0.0
323782,0.0,0.0,0.0,0.0,1.0,0.0,0.0
323784,0.0,0.0,0.0,0.0,2.0,0.0,0.0
323785,0.0,0.0,0.0,0.0,0.0,0.0,0.0
324066,0.0,0.0,0.0,0.0,1.0,0.0,0.0
324068,0.0,0.0,0.0,0.0,0.0,0.0,0.0
324069,0.0,0.0,0.0,0.0,1.0,0.0,0.0
324074,0.0,0.0,0.0,0.0,0.0,0.0,0.0
324084,0.0,0.0,0.0,0.0,1.0,0.0,0.0
324087,0.0,0.0,0.0,0.0,2.0,0.0,0.0
324088,0.0,0.0,0.0,0.0,0.0,0.0,0.0
324091,0.0,0.0,0.0,1.0,0.0,1.0,0.0
324092,0.0,0.0,0.0,0.0,0.0,0.0,0.0
325127,0.0,0.0,0.0,0.0,1.0,0.0,0.0
325130,0.0,0.0,0.0,0.0,0.0,0.0,0.0
325131,0.0,0.0,0.0,0.0,1.0,0.0,0.0
325134,0.0,0.0,0.0,0.0,2.0,0.0,0.0
325135,0.0,0.0,0.0,0.0,0.0,0.0,0.0
325244,0.0,0.0,0.0,0.0,1.0,0.0,0.0
325245,0.0,0.0,0.0,0.0,0.0,0.0,0.0
325251,0.0,0.0,1.0,0.0,0.0,0.0,0.0
325253,0.0,0.0,0.0,0.0,0.0,0.0,0.0
325254,0.0,0.0,1.0,0.0,0.0,0.0,0.0
325261,0.0,0.0,0.0,0.0,0.0,0.0,0.0
325298,0.0,0.0,1.0,0.0,0.0,0.0,0.0
325300,0.0,0.0,0.0,0.0,0.0,0.0,0.0
325301,0.0,0.0,1.0,0.0,0.0,0.0,0.0
325392,0.0,0.0,0.0,0.0,0.0,0.0,0.0
325415,0.0,0.0,1.0,0.0,0.0,0.0,0.0
325684,0.0,0.0,0.0,0.0,0.0,0.0,0.0
325689,0.0,0.0,1.0,0.0,0.0,0.0,0.0
325690,0.0,0.0,0.0,0.0,0.0,0.0,0.0
325691,0.0,0.0,1.0,0.0,0.0,0.0,0.0
325703,0.0,0.0,0.0,0.0,0.0,0.0,0.0
325704,0.0,0.0,1.0,0.0,0.0,0.0,0.0
325705,0.0,0.0,0.0,0.0,0.0,0.0,0.0
325706,0.0,0.0,1.0,0.0,0.0,0.0,0.0
325707,0.0,0.0,0.0,0.0,0.0,0.0,0.0
325708,0.0,0.0,1.0,0.0,0.0,0.0,0.0
325709,0.0,0.0,0.0,0.0,0.0,0.0,0.0
325728,0.0,0.0,1.0,0.0,0.0,0.0,0.0
325793,0.0,0.0,0.0,0.0,0.0,0.0,0.0
325853,0.0,0.0,1.0,0.0,0.0,0.0,0.0
325854,0.0,0.0,0.0,0.0,0.0,0.0,0.0
325855,0.0,0.0,1.0,0.0,0.0,0.0,0.0
325861,0.0,0.0,0.0,0.0,0.0,0.0,0.0
325862,0.0,0.0,1.0,0.0,0.0,0.0,0.0
325865,0.0,0.0,0.0,0.0,0.0,0.0,0.0
325868,0.0,0.0,1.0,0.0,0.0,0.0,0.0
325875,0.0,0.0,1.0,0.0,1.0,0.0,0.0
325876,0.0,0.0,1.0,0.0,0.0,0.0,0.0
325884,0.0,0.0,1.0,0.0,1.0,0.0,0.0
325887,0.0,0.0,1.0,0.0,0.0,0.0,0.0
325975,0.0,0.0,0.0,0.0,0.0,0.0,0.0
325983,0.0,0.0,1.0,0.0,0.0,0.0,0.0
325984,0.0,0.0,0.0,0.0,0.0,0.0,0.0
325991,0.0,0.0,1.0,0.0,0.0,0.0,0.0
325992,0.0,0.0,0.0,0.0,0.0,0.0,0.0
325993,0.0,0.0,1.0,0.0,0.0,0.0,0.0
325994,0.0,0.0,0.0,0.0,0.0,0.0,0.0
325995,0.0,0.0,1.0,0.0,0.0,0.0,0.0
325996,0.0,0.0,0.0,0.0,0.0,0.0,0.0
326003,0.0,0.0,1.0,0.0,0.0,0.0,0.0
326004,0.0,0.0,0.0,0.0,0.0,0.0,0.0
326011,0.0,0.0,1.0,0.0,0.0,0.0,0.0
326016,0.0,0.0,0.0,0.0,0.0,0.0,0.0
326028,0.0,0.0,1.0,0.0,0.0,0.0,0.0
326029,0.0,0.0,0.0,0.0,0.0,0.0,0.0
326034,0.0,0.0,1.0,0.0,0.0,0.0,0.0
326035,0.0,0.0,0.0,0.0,0.0,0.0,0.0
326036,0.0,0.0,1.0,0.0,0.0,0.0,0.0
326055,0.0,0.0,0.0,0.0,0.0,0.0,0.0
326056,0.0,0.0,1.0,0.0,0.0,0.0,0.0
326059,0.0,0.0,0.0,0.0,0.0,0.0,0.0
326289,0.0,0.0,0.0,0.0,1.0,0.0,0.0
326295,0.0,0.0,0.0,0.0,0.0,0.0,0.0
326299,0.0,0.0,0.0,0.0,1.0,0.0,0.0
326300,0.0,0.0,0.0,0.0,0.0,0.0,0.0
326302,0.0,0.0,0.0,0.0,1.0,0.0,0.0
326303,0.0,0.0,0.0,0.0,0.0,0.0,0.0
326304,0.0,0.0,0.0,0.0,1.0,0.0,0.0
326306,0.0,0.0,0.0,0.0,0.0,0.0,0.0
326372,0.0,0.0,0.0,0.0,1.0,0.0,0.0
326374,0.0,0.0,0.0,0.0,0.0,0.0,0.0
326392,0.0,0.0,0.0,0.0,1.0,0.0,0.0
326397,0.0,0.0,0.0,0.0,0.0,0.0,0.0
326409,0.0,0.0,0.0,0.0,1.0,0.0,0.0
326411,0.0,0.0,0.0,0.0,0.0,0.0,0.0
326428,0.0,0.0,0.0,0.0,1.0,0.0,0.0
326429,0.0,0.0,0.0,0.0,0.0,0.0,0.0
326430,0.0,0.0,0.0,0.0,1.0,0.0,0.0
326431,0.0,0.0,0.0,0.0,0.0,0.0,0.0
326721,0.0,0.0,0.0,0.0,1.0,0.0,0.0
326725,0.0,0.0,0.0,0.0,2.0,0.0,0.0
326726,0.0,0.0,0.0,0.0,0.0,0.0,0.0
327036,0.0,0.0,0.0,0.0,1.0,0.0,0.0
327038,0.0,0.0,0.0,0.0,0.0,0.0,0.0
327222,0.0,0.0,0.0,0.0,1.0,0.0,0.0
327223,0.0,0.0,0.0,0.0,0.0,0.0,0.0
327755,0.0,0.0,0.0,0.0,1.0,0.0,0.0
327757,0.0,0.0,0.0,0.0,0.0,0.0,0.0
327758,0.0,0.0,0.0,0.0,1.0,0.0,0.0
327759,0.0,0.0,0.0,0.0,0.0,0.0,0.0
327883,0.0,0.0,0.0,0.0,1.0,0.0,0.0
327886,0.0,0.0,0.0,0.0,2.0,0.0,0.0
327887,0.0,0.0,0.0,0.0,0.0,0.0,0.0
328241,0.0,0.0,0.0,0.0,1.0,0.0,0.0
328242,0.0,0.0,0.0,0.0,0.0,0.0,0.0
328627,0.0,0.0,0.0,0.0,1.0,0.0,0.0
328630,0.0,0.0,0.0,0.0,0.0,0.0,0.0
328647,0.0,0.0,0.0,0.0,1.0,0.0,0.0
328649,0.0,0.0,0.0,0.0,0.0,0.0,0.0
330783,0.0,0.0,0.0,0.0,1.0,0.0,0.0
330784,0.0,0.0,0.0,0.0,0.0,0.0,0.0
331511,0.0,0.0,0.0,0.0,1.0,0.0,0.0
331513,0.0,0.0,0.0,0.0,2.0,0.0,0.0
331514,0.0,0.0,0.0,0.0,0.0,0.0,0.0
334656,0.0,0.0,0.0,1.0,0.0,0.0,0.0
334657,0.0,0.0,0.0,0.0,0.0,0.0,0.0
334658,0.0,0.0,0.0,1.0,0.0,0.0,0.0
334659,0.0,0.0,0.0,0.0,0.0,0.0,0.0
334661,0.0,0.0,0.0,1.0,0.0,0.0,0.0
334663,0.0,0.0,0.0,0.0,0.0,0.0,0.0
335000,0.0,0.0,0.0,0.0,0.0,0.0,1.0
335001,0.0,0.0,0.0,0.0,0.0,0.0,0.0
335348,0.0,0.0,0.0,0.0,1.0,0.0,0.0
335349,0.0,0.0,0.0,0.0,0.0,0.0,0.0
335350,0.0,0.0,0.0,0.0,1.0,0.0,0.0
335351,0.0,0.0,0.0,0.0,0.0,0.0,0.0
335464,0.0,0.0,0.0,0.0,1.0,0.0,0.0
335465,0.0,0.0,0.0,0.0,0.0,0.0,0.0
335490,0.0,0.0,0.0,0.0,1.0,0.0,0.0
335492,0.0,0.0,0.0,0.0,2.0,1.0,0.0
335493,0.0,0.0,0.0,0.0,0.0,0.0,0.0
336021,0.0,0.0,1.0,0.0,0.0,0.0,0.0
336039,0.0,0.0,0.0,0.0,0.0,0.0,0.0
336040,0.0,0.0,1.0,0.0,0.0,0.0,0.0
336042,0.0,0.0,0.0,0.0,0.0,0.0,0.0
336045,0.0,0.0,1.0,0.0,0.0,0.0,0.0
336047,0.0,0.0,0.0,0.0,0.0,0.0,0.0
336050,0.0,0.0,1.0,0.0,0.0,0.0,0.0
336054,0.0,0.0,0.0,0.0,0.0,0.0,0.0
336055,0.0,0.0,1.0,0.0,0.0,0.0,0.0
336062,0.0,0.0,0.0,0.0,0.0,0.0,0.0
336066,0.0,0.0,1.0,0.0,0.0,0.0,0.0
336131,0.0,0.0,1.0,0.0,1.0,0.0,0.0
336135,0.0,0.0,1.0,0.0,0.0,0.0,0.0
336136,0.0,0.0,1.0,0.0,1.0,0.0,0.0
336138,0.0,0.0,1.0,0.0,0.0,0.0,0.0
336139,0.0,0.0,1.0,0.0,1.0,0.0,0.0
336140,0.0,0.0,1.0,0.0,0.0,0.0,0.0
336141,0.0,0.0,1.0,0.0,1.0,0.0,0.0
336142,0.0,0.0,1.0,0.0,0.0,0.0,0.0
336148,0.0,0.0,1.0,0.0,1.0,0.0,0.0
336149,0.0,0.0,1.0,0.0,0.0,0.0,0.0
336150,0.0,0.0,1.0,0.0,1.0,0.0,0.0
336151,0.0,0.0,1.0,0.0,0.0,0.0,0.0
336152,0.0,0.0,1.0,0.0,1.0,0.0,0.0
336153,0.0,0.0,1.0,0.0,0.0,0.0,0.0
336157,0.0,0.0,1.0,0.0,1.0,0.0,0.0
336160,0.0,0.0,1.0,0.0,2.0,0.0,0.0
336161,0.0,0.0,1.0,0.0,0.0,0.0,0.0
336171,0.0,0.0,2.0,1.0,0.0,1.0,0.0
336172,0.0,0.0,0.0,0.0,0.0,0.0,0.0
336359,0.0,0.0,0.0,0.0,1.0,0.0,0.0
336360,0.0,0.0,0.0,0.0,0.0,0.0,0.0
336362,0.0,0.0,0.0,0.0,1.0,0.0,0.0
336364,0.0,0.0,1.0,0.0,1.0,0.0,0.0
336365,0.0,0.0,0.0,0.0,1.0,0.0,0.0
336366,0.0,0.0,0.0,0.0,0.0,0.0,0.0
336382,0.0,0.0,1.0,0.0,0.0,0.0,0.0
336384,0.0,0.0,0.0,0.0,0.0,0.0,0.0
336414,0.0,0.0,1.0,0.0,0.0,0.0,0.0
336417,0.0,0.0,0.0,0.0,0.0,0.0,0.0
336567,0.0,0.0,0.0,0.0,1.0,0.0,0.0
336570,0.0,0.0,0.0,0.0,0.0,0.0,0.0
336615,0.0,0.0,0.0,0.0,1.0,0.0,0.0
336618,0.0,0.0,0.0,0.0,2.0,0.0,0.0
336619,0.0,0.0,0.0,0.0,0.0,0.0,0.0
336633,0.0,0.0,1.0,0.0,0.0,0.0,0.0
336650,0.0,0.0,0.0,0.0,0.0,0.0,0.0
336651,0.0,0.0,1.0,0.0,0.0,0.0,0.0
336660,0.0,0.0,0.0,0.0,0.0,0.0,0.0
336661,0.0,0.0,1.0,0.0,0.0,0.0,0.0
336663,0.0,0.0,0.0,0.0,0.0,0.0,0.0
336664,0.0,0.0,1.0,0.0,0.0,0.0,0.0
336665,0.0,0.0,0.0,0.0,0.0,0.0,0.0
336666,0.0,0.0,1.0,0.0,0.0,0.0,0.0
336671,0.0,0.0,0.0,0.0,0.0,0.0,0.0
336672,0.0,0.0,1.0,0.0,0.0,0.0,0.0
336673,0.0,0.0,0.0,0.0,0.0,0.0,0.0
336674,0.0,0.0,1.0,0.0,0.0,0.0,0.0
337011,0.0,0.0,0.0,0.0,0.0,0.0,0.0
337020,0.0,0.0,1.0,0.0,0.0,0.0,0.0
337041,0.0,0.0,0.0,0.0,0.0,0.0,0.0
337046,0.0,0.0,1.0,0.0,0.0,0.0,0.0
337047,0.0,0.0,0.0,0.0,0.0,0.0,0.0
337048,0.0,0.0,1.0,0.0,0.0,0.0,0.0
337646,0.0,0.0,1.0,0.0,1.0,0.0,0.0
337648,0.0,0.0,1.0,0.0,0.0,0.0,0.0
338887,0.0,0.0,1.0,0.0,1.0,0.0,0.0
338888,0.0,0.0,1.0,0.0,0.0,0.0,0.0
338892,0.0,0.0,1.0,0.0,1.0,0.0,0.0
338894,0.0,0.0,1.0,0.0,0.0,0.0,0.0
338895,0.0,0.0,1.0,0.0,1.0,0.0,0.0
338899,0.0,0.0,1.0,0.0,0.0,0.0,0.0
339033,0.0,0.0,1.0,0.0,1.0,0.0,0.0
339034,0.0,0.0,1.0,0.0,0.0,0.0,0.0
339127,0.0,0.0,1.0,0.0,1.0,0.0,0.0
339132,0.0,0.0,1.0,0.0,0.0,0.0,0.0
339133,0.0,0.0,1.0,0.0,1.0,0.0,0.0
339136,0.0,0.0,1.0,0.0,2.0,0.0,0.0
339137,0.0,0.0,1.0,0.0,0.0,0.0,0.0
339277,0.0,0.0,1.0,0.0,1.0,0.0,0.0
339281,0.0,0.0,1.0,0.0,2.0,0.0,0.0
339282,0.0,0.0,1.0,0.0,0.0,0.0,0.0
339886,0.0,0.0,0.0,0.0,0.0,0.0,0.0
340118,0.0,0.0,0.0,0.0,1.0,0.0,0.0
340119,0.0,0.0,0.0,0.0,0.0,0.0,0.0
340148,0.0,0.0,1.0,0.0,0.0,0.0,0.0
340149,0.0,0.0,0.0,0.0,0.0,0.0,0.0
340150,0.0,0.0,1.0,0.0,0.0,0.0,0.0
340151,0.0,0.0,1.0,0.0,1.0,0.0,0.0
340152,0.0,0.0,1.0,0.0,0.0,0.0,0.0
340155,0.0,0.0,0.0,0.0,0.0,0.0,0.0
340334,0.0,0.0,0.0,0.0,1.0,0.0,0.0
340335,0.0,0.0,1.0,0.0,1.0,0.0,0.0
340336,0.0,0.0,0.0,0.0,0.0,0.0,0.0
340337,0.0,0.0,1.0,0.0,1.0,0.0,0.0
340340,0.0,0.0,1.0,0.0,2.0,0.0,0.0
340341,0.0,0.0,1.0,0.0,0.0,0.0,0.0
340359,0.0,0.0,0.0,0.0,0.0,0.0,0.0
340360,0.0,0.0,1.0,0.0,0.0,0.0,0.0
340361,0.0,0.0,0.0,0.0,0.0,0.0,0.0
340362,0.0,0.0,1.0,0.0,0.0,0.0,0.0
340363,0.0,0.0,0.0,0.0,0.0,0.0,0.0
340370,0.0,0.0,1.0,0.0,0.0,0.0,0.0
340371,0.0,0.0,0.0,0.0,0.0,0.0,0.0
340372,0.0,0.0,1.0,0.0,0.0,0.0,0.0
340373,0.0,0.0,0.0,0.0,0.0,0.0,0.0
340374,0.0,0.0,1.0,0.0,0.0,0.0,0.0
340385,0.0,0.0,0.0,0.0,0.0,0.0,0.0
340396,0.0,0.0,1.0,0.0,0.0,0.0,0.0
340397,0.0,0.0,0.0,0.0,0.0,0.0,0.0
340400,0.0,0.0,1.0,0.0,0.0,0.0,0.0
340401,0.0,0.0,0.0,0.0,0.0,0.0,0.0
341148,0.0,0.0,0.0,0.0,1.0,0.0,0.0
341149,0.0,0.0,0.0,0.0,0.0,0.0,0.0
347000,0.0,0.0,0.0,0.0,0.0,0.0,1.0
347001,0.0,0.0,0.0,0.0,0.0,0.0,0.0
347375,0.0,0.0,0.0,0.0,1.0,0.0,0.0
347378,0.0,0.0,0.0,0.0,2.0,0.0,0.0
347379,0.0,0.0,0.0,0.0,0.0,0.0,0.0
347492,0.0,0.0,0.0,1.0,0.0,1.0,0.0
347493,0.0,0.0,0.0,0.0,0.0,0.0,0.0
347533,0.0,0.0,1.0,0.0,0.0,0.0,0.0
347534,0.0,0.0,0.0,0.0,0.0,0.0,0.0
347608,0.0,0.0,1.0,0.0,0.0,0.0,0.0
347620,0.0,0.0,1.0,0.0,1.0,0.0,0.0
347623,0.0,0.0,1.0,0.0,0.0,0.0,0.0
347626,0.0,0.0,1.0,0.0,1.0,0.0,0.0
347628,0.0,0.0,1.0,0.0,0.0,0.0,0.0
347629,0.0,0.0,1.0,0.0,1.0,0.0,0.0
347630,0.0,0.0,1.0,0.0,0.0,0.0,0.0
347631,0.0,0.0,1.0,0.0,1.0,0.0,0.0
347632,0.0,0.0,1.0,0.0,0.0,0.0,0.0
347642,0.0,0.0,2.0,0.0,0.0,0.0,0.0
347643,0.0,0.0,0.0,0.0,0.0,0.0,0.0
347705,0.0,0.0,1.0,0.0,0.0,0.0,0.0
347706,0.0,0.0,1.0,0.0,1.0,0.0,0.0
347707,0.0,0.0,1.0,0.0,0.0,0.0,0.0
347708,0.0,0.0,0.0,0.0,0.0,0.0,0.0
347717,0.0,0.0,1.0,0.0,0.0,0.0,0.0
347718,0.0,0.0,0.0,0.0,0.0,0.0,0.0
347903,0.0,0.0,0.0,1.0,1.0,0.0,0.0
347904,0.0,0.0,0.0,0.0,0.0,0.0,0.0
347905,0.0,0.0,0.0,1.0,1.0,0.0,0.0
347908,0.0,0.0,0.0,1.0,0.0,0.0,0.0
347909,0.0,0.0,0.0,0.0,0.0,0.0,0.0
347910,0.0,0.0,0.0,1.0,0.0,0.0,0.0
347911,0.0,0.0,0.0,1.0,1.0,0.0,0.0
347912,0.0,0.0,0.0,1.0,0.0,0.0,0.0
347913,0.0,0.0,0.0,0.0,0.0,0.0,0.0
347914,0.0,0.0,0.0,1.0,0.0,0.0,0.0
347916,0.0,0.0,0.0,0.0,0.0,0.0,0.0
347922,0.0,0.0,0.0,1.0,0.0,0.0,0.0
347925,0.0,0.0,0.0,0.0,0.0,0.0,0.0
347926,0.0,0.0,0.0,1.0,0.0,0.0,0.0
347927,0.0,0.0,0.0,0.0,0.0,0.0,0.0
347928,0.0,0.0,0.0,1.0,0.0,0.0,0.0
347931,0.0,0.0,0.0,1.0,1.0,0.0,0.0
347932,0.0,0.0,0.0,1.0,0.0,0.0,0.0
347933,0.0,0.0,0.0,1.0,1.0,0.0,0.0
347934,0.0,0.0,0.0,1.0,0.0,0.0,0.0
347939,0.0,0.0,0.0,0.0,0.0,0.0,0.0
347943,0.0,0.0,0.0,1.0,0.0,0.0,0.0
347944,0.0,0.0,0.0,0.0,0.0,0.0,0.0
347945,0.0,0.0,0.0,1.0,0.0,0.0,0.0
347946,0.0,0.0,0.0,0.0,0.0,0.0,0.0
347950,0.0,0.0,0.0,1.0,0.0,0.0,0.0
347953,0.0,0.0,0.0,0.0,0.0,0.0,0.0
347954,0.0,0.0,0.0,1.0,0.0,0.0,0.0
347955,0.0,0.0,0.0,0.0,0.0,0.0,0.0
347980,0.0,0.0,0.0,1.0,0.0,0.0,0.0
347982,0.0,0.0,0.0,1.0,1.0,0.0,0.0
347983,0.0,0.0,0.0,1.0,0.0,0.0,0.0
347985,0.0,0.0,0.0,0.0,0.0,0.0,0.0
347986,0.0,0.0,0.0,1.0,0.0,0.0,0.0
347990,0.0,0.0,0.0,1.0,1.0,0.0,0.0
347991,0.0,0.0,0.0,1.0,0.0,0.0,0.0
348000,0.0,0.0,0.0,1.0,1.0,0.0,0.0
348001,0.0,0.0,0.0,1.0,0.0,0.0,0.0
348012,0.0,0.0,0.0,1.0,1.0,0.0,0.0
348015,0.0,0.0,0.0,1.0,2.0,1.0,0.0
348016,0.0,0.0,0.0,0.0,0.0,0.0,0.0
348358,0.0,0.0,0.0,0.0,1.0,0.0,0.0
348363,0.0,0.0,0.0,0.0,0.0,0.0,0.0
349224,0.0,0.0,0.0,0.0,1.0,0.0,0.0
349226,0.0,0.0,0.0,0.0,0.0,0.0,0.0
349227,0.0,0.0,0.0,0.0,1.0,0.0,0.0
349229,0.0,0.0,0.0,0.0,0.0,0.0,0.0
349230,0.0,0.0,0.0,0.0,1.0,0.0,0.0
349233,0.0,0.0,0.0,0.0,2.0,0.0,0.0
349234,0.0,0.0,0.0,0.0,0.0,0.0,0.0
350160,0.0,0.0,0.0,0.0,1.0,0.0,0.0
350161,0.0,0.0,0.0,0.0,0.0,0.0,0.0
350184,0.0,0.0,0.0,0.0,1.0,0.0,0.0
350185,0.0,0.0,0.0,0.0,0.0,0.0,0.0
350189,0.0,0.0,0.0,0.0,1.0,0.0,0.0
350190,0.0,0.0,0.0,0.0,0.0,0.0,0.0
350350,0.0,0.0,0.0,0.0,1.0,0.0,0.0
350351,0.0,0.0,0.0,0.0,0.0,0.0,0.0
350399,0.0,0.0,0.0,0.0,1.0,0.0,0.0
350400,0.0,0.0,0.0,0.0,0.0,0.0,0.0
350401,0.0,0.0,0.0,0.0,1.0,0.0,0.0
350402,0.0,0.0,0.0,0.0,0.0,0.0,0.0
350479,0.0,0.0,0.0,0.0,1.0,0.0,0.0
350482,0.0,0.0,0.0,0.0,2.0,0.0,0.0
350483,0.0,0.0,0.0,0.0,0.0,0.0,0.0
350756,0.0,0.0,1.0,0.0,0.0,0.0,0.0
350762,0.0,0.0,0.0,0.0,0.0,0.0,0.0
350763,0.0,0.0,1.0,0.0,0.0,0.0,0.0
350764,0.0,0.0,0.0,0.0,0.0,0.0,0.0
350777,0.0,0.0,1.0,0.0,0.0,0.0,0.0
350788,0.0,0.0,0.0,0.0,0.0,0.0,0.0
350789,0.0,0.0,1.0,0.0,0.0,0.0,0.0
350790,0.0,0.0,0.0,0.0,0.0,0.0,0.0
350791,0.0,0.0,1.0,0.0,0.0,0.0,0.0
350792,0.0,0.0,0.0,0.0,0.0,0.0,0.0
350793,0.0,0.0,1.0,0.0,0.0,0.0,0.0
350794,0.0,0.0,0.0,0.0,0.0,0.0,0.0
350795,0.0,0.0,1.0,0.0,0.0,0.0,0.0
350796,0.0,0.0,0.0,0.0,0.0,0.0,0.0
350797,0.0,0.0,1.0,0.0,0.0,0.0,0.0
350836,0.0,0.0,0.0,0.0,0.0,0.0,0.0
350837,0.0,0.0,1.0,0.0,0.0,0.0,0.0
350853,0.0,0.0,1.0,0.0,1.0,0.0,0.0
350854,0.0,0.0,1.0,0.0,0.0,0.0,0.0
350983,0.0,0.0,0.0,0.0,0.0,0.0,0.0
350984,0.0,0.0,1.0,0.0,0.0,0.0,0.0
350991,0.0,0.0,0.0,0.0,0.0,0.0,0.0
351002,0.0,0.0,1.0,0.0,0.0,0.0,0.0
351010,0.0,0.0,0.0,0.0,0.0,0.0,0.0
351011,0.0,0.0,1.0,0.0,0.0,0.0,0.0
351126,0.0,0.0,0.0,0.0,0.0,0.0,0.0
351127,0.0,0.0,1.0,0.0,0.0,0.0,0.0
351270,0.0,0.0,0.0,0.0,0.0,0.0,0.0
351271,0.0,0.0,1.0,0.0,0.0,0.0,0.0
351286,0.0,0.0,0.0,0.0,0.0,0.0,0.0
351287,0.0,0.0,1.0,0.0,0.0,0.0,0.0
351288,0.0,0.0,0.0,0.0,0.0,0.0,0.0
351289,0.0,0.0,1.0,0.0,0.0,0.0,0.0
351385,0.0,0.0,1.0,0.0,1.0,0.0,0.0
351397,0.0,0.0,1.0,0.0,0.0,0.0,0.0
351499,0.0,0.0,1.0,0.0,1.0,0.0,0.0
351502,0.0,0.0,1.0,0.0,2.0,0.0,0.0
351503,0.0,0.0,1.0,0.0,0.0,0.0,0.0
351806,0.0,0.0,0.0,0.0,0.0,0.0,0.0
351815,0.0,0.0,1.0,0.0,0.0,0.0,0.0
351816,0.0,0.0,0.0,0.0,0.0,0.0,0.0
352088,0.0,0.0,0.0,0.0,1.0,0.0,0.0
352092,0.0,0.0,0.0,0.0,0.0,0.0,0.0
352465,0.0,0.0,0.0,0.0,1.0,0.0,0.0
352466,0.0,0.0,0.0,0.0,0.0,0.0,0.0
352754,0.0,0.0,0.0,0.0,1.0,0.0,0.0
352756,0.0,0.0,0.0,0.0,0.0,0.0,0.0
352757,0.0,0.0,0.0,0.0,1.0,0.0,0.0
352758,0.0,0.0,0.0,0.0,0.0,0.0,0.0
353181,0.0,0.0,0.0,0.0,1.0,0.0,0.0
353182,0.0,0.0,0.0,0.0,0.0,0.0,0.0
359000,0.0,0.0,0.0,0.0,0.0,0.0,1.0
359001,0.0,0.0,0.0,0.0,0.0,0.0,0.0
359392,0.0,0.0,0.0,1.0,0.0,0.0,0.0
359393,0.0,0.0,0.0,0.0,0.0,0.0,0.0
359399,0.0,0.0,0.0,1.0,0.0,0.0,0.0
359420,0.0,0.0,0.0,0.0,0.0,0.0,0.0
359421,0.0,0.0,0.0,1.0,0.0,0.0,0.0
359464,0.0,0.0,0.0,2.0,0.0,1.0,0.0
359465,0.0,0.0,0.0,0.0,0.0,0.0,0.0
359758,0.0,0.0,1.0,0.0,0.0,0.0,0.0
359759,0.0,0.0,0.0,0.0,0.0,0.0,0.0
359760,0.0,0.0,1.0,0.0,0.0,0.0,0.0
359770,0.0,0.0,0.0,0.0,0.0,0.0,0.0
359772,0.0,0.0,1.0,0.0,0.0,0.0,0.0
359787,0.0,0.0,0.0,0.0,0.0,0.0,0.0
359788,0.0,0.0,1.0,0.0,0.0,0.0,0.0
359813,0.0,0.0,0.0,0.0,0.0,0.0,0.0
359814,0.0,0.0,1.0,0.0,0.0,0.0,0.0
359815,0.0,0.0,0.0,0.0,0.0,0.0,0.0
359828,0.0,0.0,1.0,0.0,0.0,0.0,0.0
359829,0.0,0.0,0.0,0.0,0.0,0.0,0.0
359830,0.0,0.0,1.0,0.0,0.0,0.0,0.0
359831,0.0,0.0,0.0,0.0,0.0,0.0,0.0
359832,0.0,0.0,1.0,0.0,0.0,0.0,0.0
359836,0.0,0.0,0.0,0.0,0.0,0.0,0.0
359837,0.0,0.0,1.0,0.0,0.0,0.0,0.0
359857,0.0,0.0,0.0,0.0,0.0,0.0,0.0
359859,0.0,0.0,1.0,0.0,0.0,0.0,0.0
359860,0.0,0.0,0.0,0.0,0.0,0.0,0.0
359929,0.0,0.0,1.0,0.0,0.0,0.0,0.0
359932,0.0,0.0,0.0,0.0,0.0,0.0,0.0
359935,0.0,0.0,1.0,0.0,0.0,0.0,0.0
359939,0.0,0.0,0.0,0.0,0.0,0.0,0.0
359957,0.0,0.0,1.0,0.0,0.0,0.0,0.0
359958,0.0,0.0,0.0,0.0,0.0,0.0,0.0
359961,0.0,0.0,1.0,0.0,0.0,0.0,0.0
359962,0.0,0.0,0.0,0.0,0.0,0.0,0.0
359964,0.0,0.0,1.0,0.0,0.0,0.0,0.0
359969,0.0,0.0,0.0,0.0,0.0,0.0,0.0
359970,0.0,0.0,1.0,0.0,0.0,0.0,0.0
359974,0.0,0.0,0.0,0.0,0.0,0.0,0.0
359992,0.0,0.0,1.0,0.0,0.0,0.0,0.0
360014,0.0,0.0,1.0,0.0,1.0,0.0,0.0
360015,0.0,0.0,1.0,0.0,0.0,0.0,0.0
360031,0.0,0.0,1.0,0.0,1.0,0.0,0.0
360032,0.0,0.0,1.0,0.0,0.0,0.0,0.0
360196,0.0,0.0,1.0,0.0,1.0,0.0,0.0
360197,0.0,0.0,1.0,0.0,0.0,0.0,0.0
360199,0.0,0.0,1.0,0.0,1.0,0.0,0.0
360200,0.0,0.0,1.0,0.0,0.0,0.0,0.0
