,ADWIN,CUSUM,DDM,HDDMAverage,HDDMWeighted,Prediction,Ground-Truth
105,0.0,0.0,2.0,0.0,0.0,0.0,0.0
106,0.0,0.0,0.0,0.0,0.0,0.0,0.0
1681,0.0,0.0,0.0,0.0,1.0,0.0,0.0
1682,0.0,0.0,0.0,0.0,0.0,0.0,0.0
1761,0.0,0.0,0.0,0.0,1.0,0.0,0.0
1762,0.0,0.0,0.0,0.0,0.0,0.0,0.0
2012,0.0,0.0,0.0,0.0,1.0,0.0,0.0
2013,0.0,0.0,0.0,0.0,0.0,0.0,0.0
2016,0.0,0.0,0.0,0.0,1.0,0.0,0.0
2017,0.0,0.0,0.0,0.0,0.0,0.0,0.0
2018,0.0,0.0,0.0,0.0,1.0,0.0,0.0
2020,0.0,0.0,0.0,0.0,2.0,0.0,0.0
2021,0.0,0.0,0.0,0.0,0.0,0.0,0.0
2928,0.0,0.0,0.0,0.0,1.0,0.0,0.0
2929,0.0,0.0,0.0,0.0,0.0,0.0,0.0
3482,0.0,0.0,0.0,0.0,1.0,0.0,0.0
3483,0.0,0.0,0.0,0.0,0.0,0.0,0.0
3484,0.0,0.0,0.0,0.0,1.0,0.0,0.0
3493,0.0,0.0,0.0,0.0,0.0,0.0,0.0
3496,0.0,0.0,0.0,0.0,1.0,0.0,0.0
3498,0.0,0.0,0.0,0.0,2.0,0.0,0.0
3499,0.0,0.0,0.0,0.0,0.0,0.0,0.0
3894,0.0,0.0,0.0,0.0,1.0,0.0,0.0
3896,0.0,0.0,0.0,0.0,0.0,0.0,0.0
3897,0.0,0.0,0.0,0.0,1.0,0.0,0.0
3898,0.0,0.0,0.0,0.0,0.0,0.0,0.0
3899,0.0,0.0,0.0,0.0,1.0,0.0,0.0
3900,0.0,0.0,0.0,0.0,0.0,0.0,0.0
3901,0.0,0.0,0.0,0.0,1.0,0.0,0.0
3902,0.0,0.0,0.0,0.0,0.0,0.0,0.0
3904,0.0,0.0,0.0,0.0,1.0,0.0,0.0
3905,0.0,0.0,0.0,0.0,0.0,0.0,0.0
4014,0.0,0.0,0.0,0.0,1.0,0.0,0.0
4015,0.0,0.0,0.0,0.0,0.0,0.0,0.0
4060,0.0,0.0,0.0,0.0,1.0,0.0,0.0
4061,0.0,0.0,0.0,0.0,0.0,0.0,0.0
4065,0.0,0.0,0.0,0.0,1.0,0.0,0.0
4066,0.0,0.0,0.0,0.0,0.0,0.0,0.0
4591,0.0,0.0,0.0,0.0,1.0,0.0,0.0
4595,0.0,0.0,0.0,0.0,0.0,0.0,0.0
4596,0.0,0.0,0.0,0.0,1.0,0.0,0.0
4599,0.0,0.0,0.0,0.0,0.0,0.0,0.0
6603,0.0,0.0,0.0,0.0,1.0,0.0,0.0
6604,0.0,0.0,0.0,0.0,0.0,0.0,0.0
8325,0.0,0.0,0.0,0.0,1.0,0.0,0.0
8326,0.0,0.0,0.0,0.0,0.0,0.0,0.0
11000,0.0,0.0,0.0,0.0,0.0,0.0,1.0
11001,0.0,0.0,0.0,0.0,0.0,0.0,0.0
12235,0.0,0.0,0.0,0.0,1.0,0.0,0.0
12236,0.0,0.0,0.0,0.0,0.0,0.0,0.0
12237,0.0,0.0,0.0,0.0,1.0,0.0,0.0
12238,0.0,0.0,0.0,0.0,0.0,0.0,0.0
12239,0.0,0.0,0.0,0.0,1.0,0.0,0.0
12241,0.0,0.0,0.0,0.0,2.0,0.0,0.0
12242,0.0,0.0,0.0,0.0,0.0,0.0,0.0
12273,0.0,0.0,0.0,1.0,0.0,0.0,0.0
12274,0.0,0.0,0.0,0.0,0.0,0.0,0.0
12276,0.0,0.0,0.0,1.0,0.0,0.0,0.0
12278,0.0,0.0,0.0,0.0,0.0,0.0,0.0
12279,0.0,0.0,0.0,1.0,0.0,0.0,0.0
12283,0.0,0.0,0.0,0.0,0.0,0.0,0.0
12285,0.0,0.0,0.0,1.0,0.0,0.0,0.0
12287,0.0,0.0,0.0,0.0,0.0,0.0,0.0
12289,0.0,0.0,0.0,1.0,0.0,0.0,0.0
12291,0.0,0.0,0.0,0.0,0.0,0.0,0.0
12294,0.0,0.0,0.0,1.0,0.0,0.0,0.0
12296,0.0,0.0,0.0,0.0,0.0,0.0,0.0
12640,0.0,0.0,0.0,1.0,0.0,0.0,0.0
12641,0.0,0.0,0.0,0.0,0.0,0.0,0.0
12643,0.0,0.0,0.0,1.0,0.0,0.0,0.0
12671,0.0,0.0,0.0,0.0,0.0,0.0,0.0
12943,0.0,0.0,0.0,1.0,0.0,0.0,0.0
12944,0.0,0.0,0.0,0.0,0.0,0.0,0.0
13019,0.0,0.0,0.0,1.0,0.0,0.0,0.0
13021,0.0,0.0,0.0,0.0,0.0,0.0,0.0
13027,0.0,0.0,0.0,1.0,0.0,0.0,0.0
13039,0.0,0.0,0.0,0.0,0.0,0.0,0.0
13041,0.0,0.0,0.0,1.0,0.0,0.0,0.0
13043,0.0,0.0,0.0,0.0,0.0,0.0,0.0
13046,0.0,0.0,0.0,1.0,0.0,0.0,0.0
13047,0.0,0.0,0.0,0.0,0.0,0.0,0.0
13048,0.0,0.0,0.0,1.0,0.0,0.0,0.0
13052,0.0,0.0,0.0,0.0,0.0,0.0,0.0
13061,0.0,0.0,0.0,1.0,0.0,0.0,0.0
13088,0.0,0.0,1.0,1.0,0.0,0.0,0.0
13091,0.0,0.0,0.0,1.0,0.0,0.0,0.0
13093,0.0,0.0,1.0,1.0,0.0,0.0,0.0
13095,0.0,0.0,0.0,1.0,0.0,0.0,0.0
13096,0.0,0.0,1.0,1.0,0.0,0.0,0.0
13103,0.0,0.0,0.0,1.0,0.0,0.0,0.0
13106,0.0,0.0,1.0,1.0,0.0,0.0,0.0
13108,0.0,0.0,0.0,1.0,0.0,0.0,0.0
13304,0.0,0.0,1.0,1.0,0.0,0.0,0.0
13324,0.0,0.0,0.0,1.0,0.0,0.0,0.0
13450,0.0,0.0,0.0,0.0,0.0,0.0,0.0
13461,0.0,0.0,0.0,1.0,0.0,0.0,0.0
13494,0.0,0.0,0.0,0.0,0.0,0.0,0.0
13499,0.0,0.0,0.0,1.0,0.0,0.0,0.0
13507,0.0,0.0,0.0,0.0,0.0,0.0,0.0
13517,0.0,0.0,0.0,1.0,0.0,0.0,0.0
13520,0.0,0.0,0.0,0.0,0.0,0.0,0.0
13522,0.0,0.0,0.0,1.0,0.0,0.0,0.0
13585,0.0,0.0,1.0,1.0,0.0,0.0,0.0
13587,0.0,0.0,0.0,1.0,0.0,0.0,0.0
13588,0.0,0.0,1.0,1.0,0.0,0.0,0.0
13591,0.0,0.0,0.0,1.0,0.0,0.0,0.0
13592,0.0,0.0,1.0,1.0,0.0,0.0,0.0
13604,0.0,0.0,0.0,1.0,0.0,0.0,0.0
13605,0.0,0.0,1.0,1.0,0.0,0.0,0.0
13646,0.0,0.0,0.0,1.0,0.0,0.0,0.0
13649,0.0,0.0,1.0,1.0,0.0,0.0,0.0
13655,0.0,0.0,0.0,1.0,0.0,0.0,0.0
13668,0.0,0.0,1.0,1.0,0.0,0.0,0.0
13756,0.0,0.0,0.0,1.0,0.0,0.0,0.0
13796,0.0,0.0,1.0,1.0,0.0,0.0,0.0
13799,0.0,0.0,0.0,1.0,0.0,0.0,0.0
13800,0.0,0.0,1.0,1.0,0.0,0.0,0.0
13813,0.0,0.0,1.0,1.0,1.0,0.0,0.0
13814,0.0,0.0,1.0,1.0,0.0,0.0,0.0
13815,0.0,0.0,1.0,1.0,1.0,0.0,0.0
13816,0.0,0.0,1.0,1.0,0.0,0.0,0.0
14331,0.0,0.0,1.0,2.0,0.0,1.0,0.0
14332,0.0,0.0,0.0,0.0,0.0,0.0,0.0
14413,0.0,0.0,1.0,0.0,0.0,0.0,0.0
14415,0.0,0.0,0.0,0.0,0.0,0.0,0.0
15196,0.0,0.0,0.0,0.0,1.0,0.0,0.0
15197,0.0,0.0,0.0,0.0,0.0,0.0,0.0
15198,0.0,0.0,0.0,0.0,1.0,0.0,0.0
15200,0.0,0.0,0.0,0.0,0.0,0.0,0.0
15201,0.0,0.0,0.0,0.0,1.0,0.0,0.0
15202,0.0,0.0,0.0,0.0,0.0,0.0,0.0
15203,0.0,0.0,0.0,0.0,1.0,0.0,0.0
15205,0.0,0.0,0.0,0.0,0.0,0.0,0.0
15751,0.0,0.0,0.0,0.0,1.0,0.0,0.0
15752,0.0,0.0,0.0,0.0,0.0,0.0,0.0
15754,0.0,0.0,0.0,0.0,1.0,0.0,0.0
15755,0.0,0.0,0.0,0.0,0.0,0.0,0.0
16016,0.0,0.0,0.0,0.0,1.0,0.0,0.0
16017,0.0,0.0,0.0,0.0,0.0,0.0,0.0
16029,0.0,0.0,0.0,0.0,1.0,0.0,0.0
16031,0.0,0.0,0.0,1.0,2.0,0.0,0.0
16032,0.0,0.0,0.0,0.0,0.0,0.0,0.0
19380,0.0,0.0,0.0,1.0,0.0,0.0,0.0
19381,0.0,0.0,0.0,0.0,0.0,0.0,0.0
21417,0.0,0.0,0.0,0.0,1.0,0.0,0.0
21418,0.0,0.0,0.0,0.0,0.0,0.0,0.0
21422,0.0,0.0,0.0,0.0,1.0,0.0,0.0
21425,0.0,0.0,0.0,0.0,0.0,0.0,0.0
21542,0.0,0.0,0.0,1.0,0.0,0.0,0.0
21543,0.0,0.0,0.0,0.0,0.0,0.0,0.0
23000,0.0,0.0,0.0,0.0,0.0,0.0,1.0
23001,0.0,0.0,0.0,0.0,0.0,0.0,0.0
24003,0.0,0.0,0.0,0.0,1.0,0.0,0.0
24004,0.0,0.0,0.0,0.0,0.0,0.0,0.0
24175,0.0,0.0,0.0,0.0,1.0,0.0,0.0
24177,0.0,0.0,0.0,0.0,2.0,0.0,0.0
24178,0.0,0.0,0.0,0.0,0.0,0.0,0.0
24299,0.0,0.0,0.0,1.0,0.0,0.0,0.0
24301,0.0,0.0,0.0,0.0,0.0,0.0,0.0
24328,0.0,0.0,0.0,1.0,0.0,0.0,0.0
24330,0.0,0.0,0.0,0.0,0.0,0.0,0.0
24332,0.0,0.0,0.0,1.0,0.0,0.0,0.0
24334,0.0,0.0,0.0,0.0,0.0,0.0,0.0
24335,0.0,0.0,0.0,1.0,0.0,0.0,0.0
24342,0.0,0.0,0.0,0.0,0.0,0.0,0.0
24454,0.0,0.0,0.0,1.0,0.0,0.0,0.0
24571,0.0,0.0,0.0,0.0,0.0,0.0,0.0
24572,0.0,0.0,0.0,1.0,0.0,0.0,0.0
24591,0.0,0.0,0.0,0.0,0.0,0.0,0.0
24594,0.0,0.0,0.0,1.0,0.0,0.0,0.0
24595,0.0,0.0,0.0,0.0,0.0,0.0,0.0
24597,0.0,0.0,0.0,1.0,0.0,0.0,0.0
24600,0.0,0.0,0.0,0.0,0.0,0.0,0.0
24654,0.0,0.0,0.0,1.0,0.0,0.0,0.0
24657,0.0,0.0,0.0,0.0,0.0,0.0,0.0
24663,0.0,0.0,0.0,1.0,0.0,0.0,0.0
24665,0.0,0.0,0.0,0.0,0.0,0.0,0.0
24666,0.0,0.0,0.0,1.0,0.0,0.0,0.0
24669,0.0,0.0,0.0,0.0,0.0,0.0,0.0
24701,0.0,0.0,0.0,1.0,0.0,0.0,0.0
24706,0.0,0.0,0.0,0.0,0.0,0.0,0.0
24712,0.0,0.0,0.0,1.0,0.0,0.0,0.0
24727,0.0,0.0,0.0,0.0,0.0,0.0,0.0
24729,0.0,0.0,0.0,1.0,0.0,0.0,0.0
24731,0.0,0.0,0.0,0.0,0.0,0.0,0.0
24741,0.0,0.0,0.0,1.0,0.0,0.0,0.0
24752,0.0,0.0,0.0,0.0,0.0,0.0,0.0
24754,0.0,0.0,0.0,1.0,0.0,0.0,0.0
24801,0.0,0.0,0.0,0.0,0.0,0.0,0.0
24803,0.0,0.0,0.0,1.0,0.0,0.0,0.0
24805,0.0,0.0,0.0,0.0,0.0,0.0,0.0
24849,0.0,0.0,0.0,1.0,0.0,0.0,0.0
24850,0.0,0.0,0.0,0.0,0.0,0.0,0.0
24851,0.0,0.0,0.0,1.0,0.0,0.0,0.0
24863,0.0,0.0,0.0,0.0,0.0,0.0,0.0
24864,0.0,0.0,0.0,1.0,0.0,0.0,0.0
24871,0.0,0.0,0.0,0.0,0.0,0.0,0.0
24872,0.0,0.0,0.0,1.0,0.0,0.0,0.0
24875,0.0,0.0,0.0,0.0,0.0,0.0,0.0
24877,0.0,0.0,0.0,1.0,0.0,0.0,0.0
24879,0.0,0.0,0.0,0.0,0.0,0.0,0.0
24881,0.0,0.0,0.0,1.0,0.0,0.0,0.0
24932,0.0,0.0,1.0,1.0,0.0,0.0,0.0
24942,0.0,0.0,0.0,1.0,0.0,0.0,0.0
25000,0.0,0.0,1.0,1.0,0.0,0.0,0.0
25002,0.0,0.0,0.0,1.0,0.0,0.0,0.0
25003,0.0,0.0,1.0,1.0,0.0,0.0,0.0
25006,0.0,0.0,0.0,1.0,0.0,0.0,0.0
25010,0.0,0.0,1.0,1.0,0.0,0.0,0.0
25015,0.0,0.0,0.0,1.0,0.0,0.0,0.0
25027,0.0,0.0,1.0,1.0,0.0,0.0,0.0
25028,0.0,0.0,0.0,1.0,0.0,0.0,0.0
25031,0.0,0.0,1.0,1.0,0.0,0.0,0.0
25032,0.0,0.0,0.0,1.0,0.0,0.0,0.0
25038,0.0,0.0,1.0,1.0,0.0,0.0,0.0
25062,0.0,0.0,0.0,1.0,0.0,0.0,0.0
25069,0.0,0.0,1.0,1.0,0.0,0.0,0.0
25071,0.0,0.0,0.0,1.0,0.0,0.0,0.0
25073,0.0,0.0,1.0,1.0,0.0,0.0,0.0
25075,0.0,0.0,0.0,1.0,0.0,0.0,0.0
25078,0.0,0.0,1.0,1.0,0.0,0.0,0.0
25080,0.0,0.0,0.0,1.0,0.0,0.0,0.0
25109,0.0,0.0,1.0,1.0,0.0,0.0,0.0
25110,0.0,0.0,0.0,1.0,0.0,0.0,0.0
25112,0.0,0.0,1.0,1.0,0.0,0.0,0.0
25140,0.0,0.0,0.0,1.0,0.0,0.0,0.0
25143,0.0,0.0,1.0,1.0,0.0,0.0,0.0
25144,0.0,0.0,0.0,1.0,0.0,0.0,0.0
25148,0.0,0.0,1.0,1.0,0.0,0.0,0.0
25149,0.0,0.0,0.0,1.0,0.0,0.0,0.0
25160,0.0,0.0,1.0,1.0,0.0,0.0,0.0
25162,0.0,0.0,0.0,1.0,0.0,0.0,0.0
25165,0.0,0.0,1.0,1.0,0.0,0.0,0.0
25179,0.0,0.0,0.0,1.0,0.0,0.0,0.0
25194,0.0,0.0,1.0,1.0,0.0,0.0,0.0
25196,0.0,0.0,0.0,1.0,0.0,0.0,0.0
25197,0.0,0.0,1.0,1.0,0.0,0.0,0.0
25239,0.0,0.0,0.0,1.0,0.0,0.0,0.0
25243,0.0,0.0,1.0,1.0,0.0,0.0,0.0
25244,0.0,0.0,0.0,1.0,0.0,0.0,0.0
25250,0.0,0.0,1.0,1.0,0.0,0.0,0.0
25252,0.0,0.0,0.0,1.0,0.0,0.0,0.0
25253,0.0,0.0,1.0,1.0,0.0,0.0,0.0
25553,0.0,0.0,1.0,0.0,0.0,0.0,0.0
25559,0.0,0.0,0.0,0.0,0.0,0.0,0.0
25693,0.0,0.0,1.0,0.0,0.0,0.0,0.0
25697,0.0,0.0,0.0,0.0,0.0,0.0,0.0
25876,0.0,0.0,1.0,0.0,0.0,0.0,0.0
25880,0.0,0.0,1.0,0.0,1.0,0.0,0.0
25881,0.0,0.0,1.0,0.0,0.0,0.0,0.0
25894,0.0,0.0,1.0,0.0,1.0,0.0,0.0
25895,0.0,0.0,1.0,1.0,1.0,0.0,0.0
25896,0.0,0.0,1.0,0.0,1.0,0.0,0.0
25897,0.0,0.0,1.0,0.0,0.0,0.0,0.0
25899,0.0,0.0,1.0,1.0,1.0,0.0,0.0
25902,0.0,0.0,1.0,1.0,0.0,0.0,0.0
25904,0.0,0.0,1.0,1.0,1.0,0.0,0.0
25905,0.0,0.0,1.0,1.0,0.0,0.0,0.0
25909,0.0,0.0,1.0,0.0,0.0,0.0,0.0
25944,0.0,0.0,1.0,1.0,0.0,0.0,0.0
25946,0.0,0.0,1.0,0.0,0.0,0.0,0.0
25949,0.0,0.0,1.0,1.0,0.0,0.0,0.0
25958,0.0,0.0,1.0,0.0,0.0,0.0,0.0
25978,0.0,0.0,1.0,1.0,0.0,0.0,0.0
25979,0.0,0.0,1.0,0.0,0.0,0.0,0.0
26018,0.0,0.0,1.0,1.0,0.0,0.0,0.0
26021,0.0,0.0,1.0,0.0,0.0,0.0,0.0
26043,0.0,0.0,1.0,1.0,0.0,0.0,0.0
26087,0.0,0.0,1.0,0.0,0.0,0.0,0.0
26115,0.0,0.0,1.0,1.0,0.0,0.0,0.0
26116,0.0,0.0,1.0,0.0,0.0,0.0,0.0
26117,0.0,0.0,1.0,1.0,0.0,0.0,0.0
26166,0.0,0.0,1.0,0.0,0.0,0.0,0.0
26190,0.0,0.0,1.0,1.0,0.0,0.0,0.0
26191,0.0,0.0,1.0,0.0,0.0,0.0,0.0
26192,0.0,0.0,1.0,1.0,0.0,0.0,0.0
26195,0.0,0.0,1.0,0.0,0.0,0.0,0.0
26201,0.0,0.0,1.0,1.0,0.0,0.0,0.0
26203,0.0,0.0,1.0,0.0,0.0,0.0,0.0
26205,0.0,0.0,1.0,1.0,0.0,0.0,0.0
26207,0.0,0.0,1.0,0.0,0.0,0.0,0.0
26209,0.0,0.0,1.0,1.0,0.0,0.0,0.0
26211,0.0,0.0,1.0,0.0,0.0,0.0,0.0
26212,0.0,0.0,1.0,1.0,0.0,0.0,0.0
26216,0.0,0.0,1.0,0.0,0.0,0.0,0.0
26218,0.0,0.0,1.0,1.0,0.0,0.0,0.0
26224,0.0,0.0,1.0,0.0,0.0,0.0,0.0
26225,0.0,0.0,1.0,1.0,0.0,0.0,0.0
26332,0.0,0.0,1.0,0.0,0.0,0.0,0.0
26335,0.0,0.0,1.0,1.0,0.0,0.0,0.0
26336,0.0,0.0,1.0,0.0,0.0,0.0,0.0
26341,0.0,0.0,1.0,1.0,0.0,0.0,0.0
26344,0.0,0.0,1.0,0.0,0.0,0.0,0.0
26360,0.0,0.0,1.0,1.0,0.0,0.0,0.0
26361,0.0,0.0,1.0,0.0,0.0,0.0,0.0
26362,0.0,0.0,1.0,1.0,0.0,0.0,0.0
26369,0.0,0.0,1.0,0.0,0.0,0.0,0.0
26370,0.0,0.0,1.0,1.0,0.0,0.0,0.0
26386,0.0,0.0,1.0,0.0,0.0,0.0,0.0
26387,0.0,0.0,1.0,1.0,0.0,0.0,0.0
26390,0.0,0.0,1.0,0.0,0.0,0.0,0.0
26391,0.0,0.0,1.0,1.0,0.0,0.0,0.0
26394,0.0,0.0,1.0,0.0,0.0,0.0,0.0
26396,0.0,0.0,1.0,1.0,0.0,0.0,0.0
26410,0.0,0.0,1.0,0.0,0.0,0.0,0.0
26416,0.0,0.0,1.0,1.0,0.0,0.0,0.0
26419,0.0,0.0,1.0,0.0,0.0,0.0,0.0
26422,0.0,0.0,1.0,1.0,0.0,0.0,0.0
26423,0.0,0.0,1.0,0.0,0.0,0.0,0.0
26426,0.0,0.0,1.0,1.0,0.0,0.0,0.0
26431,0.0,0.0,1.0,0.0,0.0,0.0,0.0
26568,0.0,0.0,1.0,0.0,1.0,0.0,0.0
26569,0.0,0.0,1.0,0.0,0.0,0.0,0.0
26793,0.0,0.0,1.0,0.0,1.0,0.0,0.0
26795,0.0,0.0,1.0,0.0,0.0,0.0,0.0
26796,0.0,0.0,1.0,0.0,1.0,0.0,0.0
26797,0.0,0.0,1.0,0.0,0.0,0.0,0.0
26798,0.0,0.0,1.0,0.0,1.0,0.0,0.0
26801,0.0,0.0,1.0,0.0,2.0,0.0,0.0
26802,0.0,0.0,1.0,0.0,0.0,0.0,0.0
26833,0.0,0.0,1.0,1.0,0.0,0.0,0.0
26834,0.0,0.0,1.0,0.0,0.0,0.0,0.0
26841,0.0,0.0,1.0,1.0,0.0,0.0,0.0
26842,0.0,0.0,1.0,0.0,0.0,0.0,0.0
26843,0.0,0.0,1.0,1.0,0.0,0.0,0.0
26913,0.0,2.0,1.0,1.0,0.0,1.0,0.0
26914,0.0,0.0,0.0,0.0,0.0,0.0,0.0
27103,0.0,0.0,1.0,0.0,0.0,0.0,0.0
27107,0.0,0.0,0.0,0.0,0.0,0.0,0.0
27112,0.0,0.0,1.0,0.0,0.0,0.0,0.0
27118,0.0,0.0,0.0,0.0,0.0,0.0,0.0
27439,0.0,0.0,1.0,0.0,0.0,0.0,0.0
27475,0.0,0.0,0.0,0.0,0.0,0.0,0.0
27480,0.0,0.0,1.0,0.0,0.0,0.0,0.0
27482,0.0,0.0,0.0,0.0,0.0,0.0,0.0
27483,0.0,0.0,1.0,0.0,0.0,0.0,0.0
27562,0.0,0.0,0.0,0.0,0.0,0.0,0.0
29019,0.0,0.0,0.0,0.0,1.0,0.0,0.0
29021,0.0,0.0,0.0,0.0,2.0,0.0,0.0
29022,0.0,0.0,0.0,0.0,0.0,0.0,0.0
29323,0.0,0.0,0.0,1.0,0.0,0.0,0.0
29325,0.0,0.0,0.0,1.0,1.0,0.0,0.0
29327,0.0,0.0,0.0,0.0,0.0,0.0,0.0
35000,0.0,0.0,0.0,0.0,0.0,0.0,1.0
35001,0.0,0.0,0.0,0.0,0.0,0.0,0.0
35746,0.0,0.0,0.0,0.0,1.0,0.0,0.0
35747,0.0,0.0,0.0,0.0,0.0,0.0,0.0
35749,0.0,0.0,0.0,0.0,1.0,0.0,0.0
35750,0.0,0.0,0.0,0.0,0.0,0.0,0.0
35751,0.0,0.0,0.0,0.0,1.0,0.0,0.0
35754,0.0,0.0,0.0,0.0,0.0,0.0,0.0
36108,0.0,0.0,0.0,0.0,1.0,0.0,0.0
36109,0.0,0.0,0.0,0.0,0.0,0.0,0.0
36573,0.0,0.0,1.0,0.0,0.0,0.0,0.0
36575,0.0,0.0,0.0,0.0,0.0,0.0,0.0
36639,0.0,0.0,1.0,0.0,0.0,0.0,0.0
36641,0.0,0.0,0.0,0.0,0.0,0.0,0.0
36644,0.0,0.0,1.0,0.0,0.0,0.0,0.0
36646,0.0,0.0,0.0,0.0,0.0,0.0,0.0
36647,0.0,0.0,1.0,0.0,0.0,0.0,0.0
36655,0.0,0.0,0.0,0.0,0.0,0.0,0.0
36688,0.0,0.0,1.0,0.0,0.0,0.0,0.0
36690,0.0,0.0,0.0,0.0,0.0,0.0,0.0
36698,0.0,0.0,1.0,0.0,0.0,0.0,0.0
36699,0.0,0.0,0.0,0.0,0.0,0.0,0.0
36706,0.0,0.0,1.0,0.0,0.0,0.0,0.0
36708,0.0,0.0,0.0,0.0,0.0,0.0,0.0
36713,0.0,0.0,1.0,0.0,0.0,0.0,0.0
36793,0.0,0.0,0.0,0.0,0.0,0.0,0.0
36796,0.0,0.0,1.0,0.0,0.0,0.0,0.0
36810,0.0,0.0,0.0,0.0,0.0,0.0,0.0
36812,0.0,0.0,1.0,0.0,0.0,0.0,0.0
36966,0.0,0.0,0.0,0.0,0.0,0.0,0.0
37048,0.0,0.0,1.0,0.0,0.0,0.0,0.0
37051,0.0,0.0,0.0,0.0,0.0,0.0,0.0
37052,0.0,0.0,1.0,0.0,0.0,0.0,0.0
37064,0.0,0.0,0.0,0.0,0.0,0.0,0.0
37066,0.0,0.0,1.0,0.0,0.0,0.0,0.0
37513,0.0,0.0,1.0,0.0,1.0,0.0,0.0
37514,0.0,0.0,1.0,0.0,0.0,0.0,0.0
37515,0.0,0.0,1.0,0.0,1.0,0.0,0.0
37516,0.0,0.0,1.0,0.0,0.0,0.0,0.0
37522,0.0,0.0,1.0,0.0,1.0,0.0,0.0
37523,0.0,0.0,1.0,0.0,0.0,0.0,0.0
37524,0.0,0.0,1.0,0.0,1.0,0.0,0.0
37525,0.0,0.0,1.0,0.0,0.0,0.0,0.0
37553,0.0,2.0,1.0,0.0,0.0,0.0,0.0
37554,0.0,0.0,1.0,0.0,0.0,0.0,0.0
37564,0.0,0.0,1.0,1.0,0.0,1.0,0.0
37565,0.0,0.0,0.0,0.0,0.0,0.0,0.0
37596,0.0,0.0,1.0,0.0,0.0,0.0,0.0
37602,0.0,0.0,0.0,0.0,0.0,0.0,0.0
37603,0.0,0.0,1.0,0.0,0.0,0.0,0.0
37617,0.0,0.0,0.0,0.0,0.0,0.0,0.0
37621,0.0,0.0,1.0,0.0,0.0,0.0,0.0
37639,0.0,0.0,0.0,0.0,0.0,0.0,0.0
37646,0.0,0.0,1.0,0.0,0.0,0.0,0.0
37647,0.0,0.0,0.0,0.0,0.0,0.0,0.0
37650,0.0,0.0,1.0,0.0,0.0,0.0,0.0
37654,0.0,0.0,0.0,0.0,0.0,0.0,0.0
37655,0.0,0.0,1.0,0.0,0.0,0.0,0.0
37669,0.0,0.0,2.0,0.0,0.0,0.0,0.0
37670,0.0,0.0,0.0,0.0,0.0,0.0,0.0
37727,0.0,0.0,1.0,0.0,0.0,0.0,0.0
37730,0.0,0.0,0.0,0.0,0.0,0.0,0.0
37732,0.0,0.0,1.0,0.0,0.0,0.0,0.0
37744,0.0,0.0,2.0,0.0,0.0,0.0,0.0
37745,0.0,0.0,0.0,0.0,0.0,0.0,0.0
37870,0.0,0.0,1.0,0.0,0.0,0.0,0.0
37876,0.0,0.0,0.0,0.0,0.0,0.0,0.0
37878,0.0,0.0,1.0,0.0,0.0,0.0,0.0
37890,0.0,0.0,0.0,0.0,0.0,0.0,0.0
37902,0.0,0.0,1.0,0.0,0.0,0.0,0.0
37919,0.0,0.0,1.0,0.0,1.0,0.0,0.0
37920,0.0,0.0,1.0,0.0,0.0,0.0,0.0
38004,0.0,0.0,0.0,0.0,0.0,0.0,0.0
38006,0.0,0.0,1.0,0.0,0.0,0.0,0.0
38008,0.0,0.0,0.0,0.0,0.0,0.0,0.0
38046,0.0,0.0,1.0,0.0,0.0,0.0,0.0
38047,0.0,0.0,0.0,0.0,0.0,0.0,0.0
38049,0.0,0.0,1.0,0.0,0.0,0.0,0.0
38096,0.0,0.0,0.0,0.0,0.0,0.0,0.0
38100,0.0,0.0,1.0,0.0,0.0,0.0,0.0
38173,0.0,0.0,0.0,0.0,0.0,0.0,0.0
38176,0.0,0.0,1.0,0.0,0.0,0.0,0.0
38177,0.0,0.0,0.0,0.0,0.0,0.0,0.0
38186,0.0,0.0,1.0,0.0,0.0,0.0,0.0
38187,0.0,0.0,0.0,0.0,0.0,0.0,0.0
38188,0.0,0.0,1.0,0.0,0.0,0.0,0.0
38201,0.0,0.0,0.0,0.0,0.0,0.0,0.0
38202,0.0,0.0,1.0,0.0,0.0,0.0,0.0
38204,0.0,0.0,0.0,0.0,0.0,0.0,0.0
38213,0.0,0.0,1.0,0.0,0.0,0.0,0.0
38264,0.0,0.0,0.0,0.0,0.0,0.0,0.0
47000,0.0,0.0,0.0,0.0,0.0,0.0,1.0
47001,0.0,0.0,0.0,0.0,0.0,0.0,0.0
47249,0.0,0.0,0.0,0.0,1.0,0.0,0.0
47251,0.0,0.0,0.0,0.0,0.0,0.0,0.0
47252,0.0,0.0,0.0,0.0,1.0,0.0,0.0
47253,0.0,0.0,0.0,0.0,0.0,0.0,0.0
48313,0.0,0.0,0.0,0.0,1.0,0.0,0.0
48314,0.0,0.0,0.0,0.0,0.0,0.0,0.0
48315,0.0,0.0,0.0,0.0,1.0,0.0,0.0
48316,0.0,0.0,0.0,0.0,0.0,0.0,0.0
48317,0.0,0.0,0.0,0.0,1.0,0.0,0.0
48319,0.0,0.0,0.0,0.0,0.0,0.0,0.0
48398,0.0,0.0,1.0,0.0,0.0,0.0,0.0
48409,0.0,0.0,0.0,0.0,0.0,0.0,0.0
48423,0.0,0.0,1.0,0.0,0.0,0.0,0.0
48431,0.0,0.0,0.0,0.0,0.0,0.0,0.0
48433,0.0,0.0,1.0,0.0,0.0,0.0,0.0
48444,0.0,0.0,0.0,0.0,0.0,0.0,0.0
48448,0.0,0.0,1.0,0.0,0.0,0.0,0.0
48449,0.0,0.0,0.0,0.0,0.0,0.0,0.0
48565,0.0,0.0,1.0,0.0,0.0,0.0,0.0
48567,0.0,0.0,0.0,0.0,0.0,0.0,0.0
48569,0.0,0.0,1.0,0.0,0.0,0.0,0.0
48575,0.0,0.0,0.0,0.0,0.0,0.0,0.0
48648,0.0,0.0,1.0,0.0,0.0,0.0,0.0
48650,0.0,0.0,0.0,0.0,0.0,0.0,0.0
48651,0.0,0.0,1.0,0.0,0.0,0.0,0.0
48878,0.0,0.0,1.0,0.0,1.0,0.0,0.0
48880,0.0,0.0,1.0,0.0,0.0,0.0,0.0
49013,0.0,0.0,1.0,0.0,1.0,0.0,0.0
49014,0.0,0.0,1.0,0.0,0.0,0.0,0.0
49015,0.0,0.0,1.0,0.0,1.0,0.0,0.0
49016,0.0,0.0,1.0,0.0,0.0,0.0,0.0
49060,0.0,2.0,1.0,0.0,0.0,0.0,0.0
49061,0.0,0.0,1.0,0.0,0.0,0.0,0.0
50226,0.0,0.0,1.0,0.0,1.0,0.0,0.0
50229,0.0,0.0,1.0,0.0,0.0,0.0,0.0
50230,0.0,0.0,1.0,0.0,1.0,0.0,0.0
50232,0.0,0.0,1.0,0.0,0.0,0.0,0.0
50235,0.0,0.0,1.0,0.0,1.0,0.0,0.0
50236,0.0,0.0,1.0,0.0,2.0,0.0,0.0
50237,0.0,0.0,1.0,0.0,0.0,0.0,0.0
51078,0.0,0.0,1.0,0.0,1.0,0.0,0.0
51079,0.0,0.0,1.0,0.0,0.0,0.0,0.0
51218,0.0,0.0,2.0,0.0,0.0,0.0,0.0
51219,0.0,0.0,0.0,0.0,0.0,0.0,0.0
51253,0.0,0.0,1.0,0.0,0.0,0.0,0.0
51254,0.0,0.0,0.0,0.0,0.0,0.0,0.0
51256,0.0,0.0,1.0,0.0,0.0,0.0,0.0
51257,0.0,0.0,0.0,0.0,0.0,0.0,0.0
51590,0.0,0.0,0.0,1.0,0.0,0.0,0.0
51591,0.0,0.0,0.0,0.0,0.0,0.0,0.0
51594,0.0,0.0,0.0,1.0,0.0,0.0,0.0
51608,0.0,0.0,1.0,1.0,0.0,0.0,0.0
51614,0.0,0.0,1.0,1.0,1.0,0.0,0.0
51615,0.0,0.0,1.0,1.0,0.0,0.0,0.0
51634,0.0,0.0,0.0,1.0,0.0,0.0,0.0
51653,0.0,0.0,1.0,1.0,0.0,0.0,0.0
51659,0.0,0.0,0.0,1.0,0.0,0.0,0.0
51660,0.0,0.0,1.0,1.0,0.0,0.0,0.0
51662,0.0,0.0,0.0,1.0,0.0,0.0,0.0
52493,0.0,0.0,0.0,2.0,0.0,0.0,0.0
52494,0.0,0.0,0.0,0.0,0.0,0.0,0.0
52508,2.0,0.0,0.0,0.0,0.0,1.0,0.0
52509,0.0,0.0,0.0,0.0,0.0,0.0,0.0
53258,0.0,0.0,0.0,0.0,1.0,0.0,0.0
53261,0.0,0.0,0.0,0.0,0.0,0.0,0.0
53585,0.0,0.0,0.0,0.0,1.0,0.0,0.0
53588,0.0,0.0,0.0,0.0,0.0,0.0,0.0
53589,0.0,0.0,0.0,0.0,1.0,0.0,0.0
53593,0.0,0.0,0.0,0.0,0.0,0.0,0.0
53596,0.0,0.0,0.0,0.0,1.0,0.0,0.0
53598,0.0,0.0,0.0,0.0,0.0,0.0,0.0
55230,0.0,0.0,0.0,0.0,1.0,0.0,0.0
55233,0.0,0.0,0.0,0.0,0.0,0.0,0.0
59000,0.0,0.0,0.0,0.0,0.0,0.0,1.0
59001,0.0,0.0,0.0,0.0,0.0,0.0,0.0
60666,0.0,0.0,0.0,0.0,1.0,0.0,0.0
60673,0.0,0.0,0.0,0.0,2.0,0.0,0.0
60674,0.0,0.0,0.0,0.0,0.0,0.0,0.0
61048,0.0,0.0,1.0,0.0,0.0,0.0,0.0
61051,0.0,0.0,0.0,0.0,0.0,0.0,0.0
61058,0.0,0.0,1.0,0.0,0.0,0.0,0.0
61280,0.0,2.0,1.0,0.0,0.0,0.0,0.0
61281,0.0,0.0,1.0,0.0,0.0,0.0,0.0
61282,0.0,0.0,1.0,1.0,0.0,1.0,0.0
61283,0.0,0.0,0.0,0.0,0.0,0.0,0.0
61797,0.0,0.0,0.0,0.0,1.0,0.0,0.0
61802,0.0,0.0,0.0,0.0,0.0,0.0,0.0
63707,0.0,0.0,1.0,0.0,0.0,0.0,0.0
63709,0.0,0.0,0.0,0.0,0.0,0.0,0.0
63716,0.0,0.0,1.0,0.0,0.0,0.0,0.0
63717,0.0,0.0,0.0,0.0,0.0,0.0,0.0
63720,0.0,0.0,1.0,0.0,0.0,0.0,0.0
63721,0.0,0.0,0.0,0.0,0.0,0.0,0.0
63722,0.0,0.0,1.0,0.0,0.0,0.0,0.0
63725,0.0,0.0,0.0,0.0,0.0,0.0,0.0
63742,0.0,0.0,1.0,0.0,0.0,0.0,0.0
63753,0.0,0.0,0.0,0.0,0.0,0.0,0.0
63759,0.0,0.0,1.0,0.0,0.0,0.0,0.0
63788,0.0,0.0,0.0,0.0,0.0,0.0,0.0
63862,0.0,0.0,1.0,0.0,0.0,0.0,0.0
63865,0.0,0.0,1.0,0.0,1.0,0.0,0.0
63872,0.0,0.0,1.0,0.0,0.0,0.0,0.0
63899,0.0,0.0,0.0,0.0,0.0,0.0,0.0
63909,0.0,0.0,1.0,0.0,0.0,0.0,0.0
63911,0.0,0.0,0.0,0.0,0.0,0.0,0.0
63912,0.0,0.0,1.0,0.0,0.0,0.0,0.0
63915,0.0,0.0,0.0,0.0,0.0,0.0,0.0
63916,0.0,0.0,1.0,0.0,0.0,0.0,0.0
63930,0.0,0.0,0.0,0.0,0.0,0.0,0.0
63940,0.0,0.0,1.0,0.0,0.0,0.0,0.0
63946,0.0,0.0,0.0,0.0,0.0,0.0,0.0
63953,0.0,0.0,1.0,0.0,0.0,0.0,0.0
63954,0.0,0.0,0.0,0.0,0.0,0.0,0.0
63957,0.0,0.0,1.0,0.0,0.0,0.0,0.0
63966,0.0,0.0,0.0,0.0,0.0,0.0,0.0
63967,0.0,0.0,1.0,0.0,0.0,0.0,0.0
63974,0.0,0.0,0.0,0.0,0.0,0.0,0.0
63996,0.0,0.0,1.0,0.0,0.0,0.0,0.0
63997,0.0,0.0,0.0,0.0,0.0,0.0,0.0
64141,0.0,0.0,1.0,0.0,0.0,0.0,0.0
64143,0.0,0.0,0.0,0.0,0.0,0.0,0.0
64158,0.0,0.0,1.0,0.0,0.0,0.0,0.0
64159,0.0,0.0,0.0,0.0,0.0,0.0,0.0
64182,0.0,0.0,1.0,0.0,0.0,0.0,0.0
64183,0.0,0.0,0.0,0.0,0.0,0.0,0.0
64185,0.0,0.0,1.0,0.0,0.0,0.0,0.0
64191,0.0,0.0,0.0,0.0,0.0,0.0,0.0
64193,0.0,0.0,1.0,0.0,0.0,0.0,0.0
64321,0.0,0.0,1.0,0.0,1.0,0.0,0.0
64322,0.0,0.0,1.0,0.0,0.0,0.0,0.0
64508,0.0,0.0,1.0,0.0,1.0,0.0,0.0
64511,0.0,0.0,1.0,0.0,0.0,0.0,0.0
64512,0.0,0.0,1.0,0.0,1.0,0.0,0.0
64515,0.0,0.0,1.0,0.0,0.0,0.0,0.0
64516,0.0,0.0,1.0,0.0,1.0,0.0,0.0
64518,0.0,0.0,1.0,0.0,0.0,0.0,0.0
65535,0.0,0.0,1.0,0.0,1.0,0.0,0.0
65541,0.0,0.0,1.0,0.0,0.0,0.0,0.0
65563,0.0,0.0,1.0,0.0,1.0,0.0,0.0
65564,0.0,0.0,1.0,0.0,0.0,0.0,0.0
65572,0.0,0.0,1.0,0.0,1.0,0.0,0.0
65573,0.0,0.0,1.0,0.0,0.0,0.0,0.0
65575,0.0,0.0,1.0,0.0,1.0,0.0,0.0
65576,0.0,0.0,1.0,0.0,0.0,0.0,0.0
65930,0.0,0.0,0.0,0.0,0.0,0.0,0.0
66939,0.0,0.0,0.0,0.0,1.0,0.0,0.0
66940,0.0,0.0,0.0,0.0,0.0,0.0,0.0
69312,0.0,0.0,0.0,0.0,1.0,0.0,0.0
69313,0.0,0.0,0.0,0.0,0.0,0.0,0.0
69314,0.0,0.0,0.0,0.0,1.0,0.0,0.0
69315,0.0,0.0,0.0,0.0,0.0,0.0,0.0
71000,0.0,0.0,0.0,0.0,0.0,0.0,1.0
71001,0.0,0.0,0.0,0.0,0.0,0.0,0.0
72436,0.0,0.0,0.0,0.0,1.0,0.0,0.0
72437,0.0,0.0,0.0,0.0,0.0,0.0,0.0
72438,0.0,0.0,0.0,0.0,1.0,0.0,0.0
72439,0.0,0.0,0.0,0.0,0.0,0.0,0.0
72477,0.0,0.0,0.0,0.0,1.0,0.0,0.0
72478,0.0,0.0,0.0,0.0,0.0,0.0,0.0
72479,0.0,0.0,0.0,0.0,1.0,0.0,0.0
72480,0.0,0.0,0.0,0.0,0.0,0.0,0.0
72481,0.0,0.0,0.0,0.0,1.0,0.0,0.0
72482,0.0,0.0,0.0,0.0,0.0,0.0,0.0
72483,0.0,0.0,0.0,0.0,1.0,0.0,0.0
72489,0.0,0.0,0.0,0.0,0.0,0.0,0.0
72562,0.0,0.0,0.0,0.0,1.0,0.0,0.0
72563,0.0,0.0,0.0,0.0,2.0,0.0,0.0
72564,0.0,0.0,0.0,0.0,0.0,0.0,0.0
73351,0.0,0.0,1.0,0.0,0.0,0.0,0.0
73353,0.0,0.0,0.0,0.0,0.0,0.0,0.0
73354,0.0,0.0,1.0,0.0,0.0,0.0,0.0
73357,0.0,0.0,0.0,0.0,0.0,0.0,0.0
73359,0.0,0.0,1.0,0.0,0.0,0.0,0.0
73362,0.0,0.0,1.0,1.0,0.0,0.0,0.0
73378,2.0,0.0,1.0,1.0,0.0,1.0,0.0
73379,0.0,0.0,0.0,0.0,0.0,0.0,0.0
73526,0.0,0.0,1.0,0.0,0.0,0.0,0.0
73550,0.0,0.0,0.0,0.0,0.0,0.0,0.0
73592,0.0,0.0,1.0,0.0,0.0,0.0,0.0
73607,0.0,0.0,0.0,0.0,0.0,0.0,0.0
73608,0.0,0.0,1.0,0.0,0.0,0.0,0.0
73611,0.0,0.0,0.0,0.0,0.0,0.0,0.0
73612,0.0,0.0,1.0,0.0,0.0,0.0,0.0
73615,0.0,0.0,0.0,0.0,0.0,0.0,0.0
73618,0.0,0.0,1.0,0.0,0.0,0.0,0.0
73619,0.0,0.0,0.0,0.0,0.0,0.0,0.0
73622,0.0,0.0,1.0,0.0,0.0,0.0,0.0
73635,0.0,0.0,0.0,0.0,0.0,0.0,0.0
73638,0.0,0.0,1.0,0.0,0.0,0.0,0.0
73639,0.0,0.0,0.0,0.0,0.0,0.0,0.0
73641,0.0,0.0,1.0,0.0,0.0,0.0,0.0
73648,0.0,0.0,0.0,0.0,0.0,0.0,0.0
73649,0.0,0.0,1.0,0.0,0.0,0.0,0.0
73652,0.0,0.0,0.0,0.0,0.0,0.0,0.0
73654,0.0,0.0,1.0,0.0,0.0,0.0,0.0
73656,0.0,0.0,0.0,0.0,0.0,0.0,0.0
73657,0.0,0.0,1.0,0.0,0.0,0.0,0.0
73672,0.0,0.0,0.0,0.0,0.0,0.0,0.0
73673,0.0,0.0,1.0,0.0,0.0,0.0,0.0
73676,0.0,0.0,0.0,0.0,0.0,0.0,0.0
73689,0.0,0.0,1.0,0.0,0.0,0.0,0.0
73692,0.0,0.0,0.0,0.0,0.0,0.0,0.0
73710,0.0,0.0,1.0,0.0,0.0,0.0,0.0
73833,0.0,0.0,0.0,0.0,0.0,0.0,0.0
73835,0.0,0.0,1.0,0.0,0.0,0.0,0.0
73841,0.0,0.0,0.0,0.0,0.0,0.0,0.0
73852,0.0,0.0,1.0,0.0,0.0,0.0,0.0
73897,0.0,0.0,0.0,0.0,0.0,0.0,0.0
73899,0.0,0.0,1.0,0.0,0.0,0.0,0.0
73901,0.0,0.0,0.0,0.0,0.0,0.0,0.0
73928,0.0,0.0,1.0,0.0,0.0,0.0,0.0
73933,0.0,0.0,0.0,0.0,0.0,0.0,0.0
73936,0.0,0.0,1.0,0.0,0.0,0.0,0.0
73937,0.0,0.0,0.0,0.0,0.0,0.0,0.0
73940,0.0,0.0,1.0,0.0,0.0,0.0,0.0
73949,0.0,0.0,0.0,0.0,0.0,0.0,0.0
73987,0.0,0.0,1.0,0.0,0.0,0.0,0.0
73997,0.0,0.0,0.0,0.0,0.0,0.0,0.0
73999,0.0,0.0,1.0,0.0,0.0,0.0,0.0
74001,0.0,0.0,0.0,0.0,0.0,0.0,0.0
74002,0.0,0.0,1.0,0.0,0.0,0.0,0.0
74032,0.0,0.0,0.0,0.0,0.0,0.0,0.0
74034,0.0,0.0,1.0,0.0,0.0,0.0,0.0
74306,0.0,0.0,0.0,0.0,0.0,0.0,0.0
74307,0.0,0.0,1.0,0.0,0.0,0.0,0.0
74385,0.0,0.0,0.0,0.0,0.0,0.0,0.0
74388,0.0,0.0,1.0,0.0,0.0,0.0,0.0
74393,0.0,0.0,0.0,0.0,0.0,0.0,0.0
74395,0.0,0.0,1.0,0.0,0.0,0.0,0.0
74397,0.0,0.0,0.0,0.0,0.0,0.0,0.0
74398,0.0,0.0,1.0,0.0,0.0,0.0,0.0
74401,0.0,0.0,0.0,0.0,0.0,0.0,0.0
74403,0.0,0.0,1.0,0.0,0.0,0.0,0.0
74405,0.0,0.0,0.0,0.0,0.0,0.0,0.0
74408,0.0,0.0,1.0,0.0,0.0,0.0,0.0
74409,0.0,0.0,0.0,0.0,0.0,0.0,0.0
74412,0.0,0.0,1.0,0.0,0.0,0.0,0.0
74413,0.0,0.0,0.0,0.0,0.0,0.0,0.0
74420,0.0,0.0,1.0,0.0,0.0,0.0,0.0
74421,0.0,0.0,0.0,0.0,0.0,0.0,0.0
74502,0.0,0.0,1.0,0.0,0.0,0.0,0.0
74504,0.0,0.0,0.0,0.0,0.0,0.0,0.0
74507,0.0,0.0,1.0,0.0,0.0,0.0,0.0
74508,0.0,0.0,0.0,0.0,0.0,0.0,0.0
74509,0.0,0.0,1.0,0.0,0.0,0.0,0.0
75337,0.0,0.0,1.0,0.0,1.0,0.0,0.0
75338,0.0,0.0,1.0,0.0,0.0,0.0,0.0
76222,0.0,0.0,0.0,0.0,0.0,0.0,0.0
76223,0.0,0.0,1.0,0.0,0.0,0.0,0.0
76230,0.0,0.0,0.0,0.0,0.0,0.0,0.0
76232,0.0,0.0,1.0,0.0,0.0,0.0,0.0
76234,0.0,0.0,0.0,0.0,0.0,0.0,0.0
76235,0.0,0.0,1.0,0.0,0.0,0.0,0.0
76238,0.0,0.0,0.0,0.0,0.0,0.0,0.0
76239,0.0,0.0,1.0,0.0,0.0,0.0,0.0
76242,0.0,0.0,0.0,0.0,0.0,0.0,0.0
76247,0.0,0.0,1.0,0.0,0.0,0.0,0.0
76249,0.0,0.0,0.0,0.0,0.0,0.0,0.0
76255,0.0,0.0,1.0,0.0,0.0,0.0,0.0
76257,0.0,0.0,0.0,0.0,0.0,0.0,0.0
76259,0.0,0.0,1.0,0.0,0.0,0.0,0.0
76261,0.0,0.0,0.0,0.0,0.0,0.0,0.0
76262,0.0,0.0,1.0,0.0,0.0,0.0,0.0
76273,0.0,0.0,0.0,0.0,0.0,0.0,0.0
76298,0.0,0.0,1.0,0.0,0.0,0.0,0.0
76304,0.0,0.0,0.0,0.0,0.0,0.0,0.0
76305,0.0,0.0,1.0,0.0,0.0,0.0,0.0
76308,0.0,0.0,0.0,0.0,0.0,0.0,0.0
76309,0.0,0.0,1.0,0.0,0.0,0.0,0.0
76312,0.0,0.0,0.0,0.0,0.0,0.0,0.0
76313,0.0,0.0,1.0,0.0,0.0,0.0,0.0
76323,0.0,0.0,1.0,0.0,1.0,0.0,0.0
76327,0.0,0.0,1.0,0.0,0.0,0.0,0.0
76445,0.0,0.0,0.0,0.0,0.0,0.0,0.0
76447,0.0,0.0,1.0,0.0,0.0,0.0,0.0
76449,0.0,0.0,0.0,0.0,0.0,0.0,0.0
76661,0.0,0.0,1.0,0.0,0.0,0.0,0.0
76702,0.0,0.0,0.0,0.0,0.0,0.0,0.0
76763,0.0,0.0,0.0,1.0,0.0,0.0,0.0
76764,0.0,0.0,0.0,0.0,0.0,0.0,0.0
76787,0.0,0.0,1.0,0.0,0.0,0.0,0.0
76792,0.0,0.0,0.0,0.0,0.0,0.0,0.0
76793,0.0,0.0,1.0,0.0,0.0,0.0,0.0
76796,0.0,0.0,0.0,0.0,0.0,0.0,0.0
76803,0.0,0.0,1.0,0.0,0.0,0.0,0.0
76909,0.0,0.0,0.0,0.0,0.0,0.0,0.0
76911,0.0,0.0,1.0,0.0,0.0,0.0,0.0
76913,0.0,0.0,0.0,0.0,0.0,0.0,0.0
76920,0.0,0.0,1.0,0.0,0.0,0.0,0.0
77307,0.0,0.0,0.0,0.0,0.0,0.0,0.0
77947,0.0,0.0,0.0,0.0,1.0,0.0,0.0
77948,0.0,0.0,0.0,0.0,0.0,0.0,0.0
79644,0.0,0.0,0.0,1.0,0.0,0.0,0.0
79646,0.0,0.0,0.0,0.0,0.0,0.0,0.0
79702,0.0,0.0,0.0,0.0,1.0,0.0,0.0
79703,0.0,0.0,0.0,0.0,0.0,0.0,0.0
79707,0.0,0.0,0.0,0.0,1.0,0.0,0.0
79708,0.0,0.0,0.0,0.0,0.0,0.0,0.0
81320,0.0,0.0,0.0,1.0,0.0,0.0,0.0
81321,0.0,0.0,0.0,0.0,0.0,0.0,0.0
83000,0.0,0.0,0.0,0.0,0.0,0.0,1.0
83001,0.0,0.0,0.0,0.0,0.0,0.0,0.0
83977,0.0,0.0,0.0,0.0,1.0,0.0,0.0
83978,0.0,0.0,0.0,0.0,0.0,0.0,0.0
83985,0.0,0.0,0.0,0.0,1.0,0.0,0.0
83986,0.0,0.0,0.0,0.0,0.0,0.0,0.0
83995,0.0,0.0,0.0,0.0,1.0,0.0,0.0
83999,0.0,0.0,0.0,0.0,0.0,0.0,0.0
84099,0.0,0.0,0.0,0.0,1.0,0.0,0.0
84102,0.0,0.0,0.0,0.0,0.0,0.0,0.0
84108,0.0,0.0,0.0,0.0,1.0,0.0,0.0
84109,0.0,0.0,0.0,1.0,2.0,0.0,0.0
84110,0.0,0.0,0.0,1.0,0.0,0.0,0.0
84160,0.0,0.0,0.0,2.0,0.0,1.0,0.0
84161,0.0,0.0,0.0,0.0,0.0,0.0,0.0
84553,0.0,0.0,0.0,0.0,1.0,0.0,0.0
84554,0.0,0.0,0.0,0.0,0.0,0.0,0.0
84605,0.0,0.0,1.0,0.0,0.0,0.0,0.0
84622,0.0,0.0,0.0,0.0,0.0,0.0,0.0
84630,0.0,0.0,1.0,0.0,0.0,0.0,0.0
84633,0.0,0.0,0.0,0.0,0.0,0.0,0.0
84638,0.0,0.0,1.0,0.0,0.0,0.0,0.0
84640,0.0,0.0,0.0,0.0,0.0,0.0,0.0
84642,0.0,0.0,1.0,0.0,0.0,0.0,0.0
84644,0.0,0.0,0.0,0.0,0.0,0.0,0.0
86168,0.0,0.0,0.0,0.0,1.0,0.0,0.0
86170,0.0,0.0,0.0,0.0,0.0,0.0,0.0
86179,0.0,0.0,0.0,0.0,1.0,0.0,0.0
86180,0.0,0.0,0.0,0.0,0.0,0.0,0.0
86194,0.0,0.0,0.0,0.0,1.0,0.0,0.0
86197,0.0,0.0,0.0,0.0,0.0,0.0,0.0
86200,0.0,0.0,0.0,0.0,1.0,0.0,0.0
86201,0.0,0.0,0.0,0.0,0.0,0.0,0.0
86202,0.0,0.0,0.0,0.0,1.0,0.0,0.0
86203,0.0,0.0,0.0,0.0,2.0,0.0,0.0
86204,0.0,0.0,0.0,0.0,0.0,0.0,0.0
86736,0.0,0.0,1.0,0.0,0.0,0.0,0.0
86738,0.0,0.0,0.0,0.0,0.0,0.0,0.0
87312,0.0,0.0,1.0,0.0,0.0,0.0,0.0
87313,0.0,0.0,0.0,0.0,0.0,0.0,0.0
87315,0.0,0.0,1.0,0.0,0.0,0.0,0.0
87317,0.0,0.0,0.0,0.0,0.0,0.0,0.0
87319,0.0,0.0,1.0,0.0,0.0,0.0,0.0
87321,0.0,0.0,0.0,0.0,0.0,0.0,0.0
87323,0.0,0.0,1.0,0.0,0.0,0.0,0.0
87325,0.0,0.0,0.0,0.0,0.0,0.0,0.0
87328,0.0,0.0,1.0,0.0,0.0,0.0,0.0
87329,0.0,0.0,0.0,0.0,0.0,0.0,0.0
87330,0.0,0.0,1.0,0.0,0.0,0.0,0.0
87333,0.0,0.0,0.0,0.0,0.0,0.0,0.0
87339,0.0,0.0,1.0,0.0,0.0,0.0,0.0
87341,0.0,0.0,0.0,0.0,0.0,0.0,0.0
87377,0.0,0.0,1.0,0.0,0.0,0.0,0.0
87400,0.0,0.0,0.0,0.0,0.0,0.0,0.0
87403,0.0,0.0,1.0,0.0,0.0,0.0,0.0
87408,0.0,0.0,0.0,0.0,0.0,0.0,0.0
87411,0.0,0.0,1.0,0.0,0.0,0.0,0.0
87416,0.0,0.0,0.0,0.0,0.0,0.0,0.0
87423,0.0,0.0,1.0,0.0,0.0,0.0,0.0
87424,0.0,0.0,0.0,0.0,0.0,0.0,0.0
87427,0.0,0.0,1.0,0.0,0.0,0.0,0.0
87428,0.0,0.0,0.0,0.0,0.0,0.0,0.0
87430,0.0,0.0,1.0,0.0,0.0,0.0,0.0
87436,0.0,0.0,0.0,0.0,0.0,0.0,0.0
87441,0.0,0.0,1.0,0.0,0.0,0.0,0.0
87551,0.0,0.0,0.0,0.0,0.0,0.0,0.0
87587,0.0,0.0,1.0,0.0,0.0,0.0,0.0
87596,0.0,0.0,1.0,0.0,1.0,0.0,0.0
87597,0.0,0.0,1.0,0.0,0.0,0.0,0.0
87601,0.0,0.0,1.0,0.0,1.0,0.0,0.0
87605,0.0,0.0,1.0,0.0,2.0,0.0,0.0
87606,0.0,0.0,1.0,0.0,0.0,0.0,0.0
88039,0.0,0.0,1.0,0.0,1.0,0.0,0.0
88040,0.0,0.0,1.0,0.0,0.0,0.0,0.0
88932,0.0,2.0,1.0,0.0,0.0,0.0,0.0
88933,0.0,0.0,1.0,0.0,0.0,0.0,0.0
89748,0.0,0.0,1.0,0.0,1.0,0.0,0.0
89753,0.0,0.0,1.0,0.0,0.0,0.0,0.0
89754,0.0,0.0,1.0,0.0,1.0,0.0,0.0
89755,0.0,0.0,1.0,0.0,0.0,0.0,0.0
90299,0.0,0.0,0.0,0.0,0.0,0.0,0.0
95000,0.0,0.0,0.0,0.0,0.0,0.0,1.0
95001,0.0,0.0,0.0,0.0,0.0,0.0,0.0
95534,0.0,0.0,0.0,0.0,1.0,0.0,0.0
95535,0.0,0.0,0.0,0.0,0.0,0.0,0.0
95540,0.0,0.0,0.0,0.0,1.0,0.0,0.0
95541,0.0,0.0,0.0,0.0,0.0,0.0,0.0
95566,0.0,0.0,0.0,0.0,1.0,0.0,0.0
95568,0.0,0.0,0.0,0.0,0.0,0.0,0.0
95903,0.0,0.0,0.0,0.0,1.0,0.0,0.0
95904,0.0,0.0,0.0,0.0,0.0,0.0,0.0
95905,0.0,0.0,0.0,0.0,1.0,0.0,0.0
95906,0.0,0.0,0.0,0.0,0.0,0.0,0.0
96327,0.0,0.0,0.0,0.0,1.0,0.0,0.0
96328,0.0,0.0,0.0,0.0,0.0,0.0,0.0
96331,0.0,0.0,0.0,0.0,1.0,0.0,0.0
96332,0.0,0.0,0.0,0.0,2.0,0.0,0.0
96333,0.0,0.0,0.0,0.0,0.0,0.0,0.0
96577,0.0,0.0,0.0,1.0,0.0,0.0,0.0
96578,0.0,0.0,0.0,0.0,0.0,0.0,0.0
96579,0.0,0.0,0.0,1.0,0.0,0.0,0.0
96636,0.0,0.0,0.0,0.0,0.0,0.0,0.0
96639,0.0,0.0,0.0,1.0,0.0,0.0,0.0
96640,0.0,0.0,0.0,0.0,0.0,0.0,0.0
96658,0.0,0.0,0.0,1.0,0.0,0.0,0.0
96661,0.0,0.0,0.0,0.0,0.0,0.0,0.0
96668,0.0,0.0,0.0,1.0,0.0,0.0,0.0
96670,0.0,0.0,0.0,0.0,0.0,0.0,0.0
96677,0.0,0.0,0.0,1.0,0.0,0.0,0.0
96678,0.0,0.0,0.0,0.0,0.0,0.0,0.0
96679,0.0,0.0,0.0,1.0,0.0,0.0,0.0
96682,0.0,0.0,0.0,0.0,0.0,0.0,0.0
96761,0.0,0.0,0.0,1.0,0.0,0.0,0.0
96776,0.0,2.0,0.0,1.0,0.0,1.0,0.0
96777,0.0,0.0,0.0,0.0,0.0,0.0,0.0
97343,0.0,0.0,0.0,0.0,1.0,0.0,0.0
97344,0.0,0.0,0.0,0.0,0.0,0.0,0.0
97345,0.0,0.0,1.0,0.0,1.0,0.0,0.0
97346,0.0,0.0,1.0,0.0,0.0,0.0,0.0
97347,0.0,0.0,0.0,0.0,0.0,0.0,0.0
97350,0.0,0.0,1.0,0.0,0.0,0.0,0.0
97351,0.0,0.0,0.0,0.0,0.0,0.0,0.0
97361,0.0,0.0,1.0,0.0,0.0,0.0,0.0
97363,0.0,0.0,0.0,0.0,0.0,0.0,0.0
97364,0.0,0.0,1.0,0.0,0.0,0.0,0.0
97367,0.0,0.0,0.0,0.0,0.0,0.0,0.0
97368,0.0,0.0,1.0,0.0,0.0,0.0,0.0
97379,0.0,0.0,0.0,0.0,0.0,0.0,0.0
97380,0.0,0.0,1.0,0.0,0.0,0.0,0.0
97391,0.0,0.0,0.0,0.0,0.0,0.0,0.0
97426,0.0,0.0,1.0,0.0,0.0,0.0,0.0
97427,0.0,0.0,0.0,0.0,0.0,0.0,0.0
97428,0.0,0.0,1.0,0.0,0.0,0.0,0.0
97431,0.0,0.0,0.0,0.0,0.0,0.0,0.0
97465,0.0,0.0,1.0,0.0,0.0,0.0,0.0
97471,0.0,0.0,0.0,0.0,0.0,0.0,0.0
97477,0.0,0.0,1.0,0.0,0.0,0.0,0.0
97495,0.0,0.0,0.0,0.0,0.0,0.0,0.0
97566,0.0,0.0,1.0,0.0,0.0,0.0,0.0
97567,0.0,0.0,0.0,0.0,0.0,0.0,0.0
97569,0.0,0.0,1.0,0.0,0.0,0.0,0.0
97599,0.0,0.0,0.0,0.0,0.0,0.0,0.0
97601,0.0,0.0,1.0,0.0,0.0,0.0,0.0
97615,0.0,0.0,0.0,0.0,0.0,0.0,0.0
97616,0.0,0.0,1.0,0.0,0.0,0.0,0.0
97619,0.0,0.0,0.0,0.0,0.0,0.0,0.0
97621,0.0,0.0,1.0,0.0,0.0,0.0,0.0
97627,0.0,0.0,0.0,0.0,0.0,0.0,0.0
97628,0.0,0.0,1.0,0.0,0.0,0.0,0.0
97631,0.0,0.0,0.0,0.0,0.0,0.0,0.0
97636,0.0,0.0,1.0,0.0,0.0,0.0,0.0
97643,0.0,0.0,0.0,0.0,0.0,0.0,0.0
97644,0.0,0.0,1.0,0.0,0.0,0.0,0.0
97647,0.0,0.0,0.0,0.0,0.0,0.0,0.0
97649,0.0,0.0,1.0,0.0,0.0,0.0,0.0
97651,0.0,0.0,0.0,0.0,0.0,0.0,0.0
97652,0.0,0.0,1.0,0.0,0.0,0.0,0.0
97655,0.0,0.0,0.0,0.0,0.0,0.0,0.0
97660,0.0,0.0,1.0,0.0,0.0,0.0,0.0
97662,0.0,0.0,0.0,0.0,0.0,0.0,0.0
97671,0.0,0.0,1.0,0.0,0.0,0.0,0.0
97730,0.0,0.0,1.0,0.0,1.0,0.0,0.0
97731,0.0,0.0,1.0,0.0,0.0,0.0,0.0
97752,0.0,0.0,1.0,0.0,1.0,0.0,0.0
97753,0.0,0.0,1.0,0.0,0.0,0.0,0.0
97754,0.0,0.0,1.0,0.0,1.0,0.0,0.0
97759,0.0,0.0,1.0,0.0,0.0,0.0,0.0
97760,0.0,0.0,1.0,0.0,1.0,0.0,0.0
97761,0.0,0.0,1.0,0.0,0.0,0.0,0.0
97765,0.0,0.0,1.0,0.0,1.0,0.0,0.0
97766,0.0,0.0,1.0,0.0,0.0,0.0,0.0
98579,0.0,0.0,1.0,0.0,1.0,0.0,0.0
98580,0.0,0.0,1.0,0.0,0.0,0.0,0.0
99394,0.0,0.0,1.0,0.0,1.0,0.0,0.0
99397,0.0,0.0,1.0,0.0,0.0,0.0,0.0
99405,0.0,0.0,1.0,0.0,1.0,0.0,0.0
99409,0.0,0.0,1.0,0.0,2.0,0.0,0.0
99410,0.0,0.0,1.0,0.0,0.0,0.0,0.0
100714,0.0,0.0,1.0,0.0,1.0,0.0,0.0
100717,0.0,0.0,1.0,0.0,0.0,0.0,0.0
100718,0.0,0.0,1.0,0.0,1.0,0.0,0.0
100720,0.0,0.0,1.0,0.0,0.0,0.0,0.0
100800,0.0,0.0,1.0,0.0,1.0,0.0,0.0
100801,0.0,0.0,1.0,0.0,0.0,0.0,0.0
101048,0.0,0.0,1.0,0.0,1.0,0.0,0.0
101049,0.0,0.0,1.0,0.0,0.0,0.0,0.0
101050,0.0,0.0,1.0,0.0,1.0,0.0,0.0
101053,0.0,0.0,1.0,0.0,0.0,0.0,0.0
101054,0.0,0.0,1.0,0.0,1.0,0.0,0.0
101056,0.0,0.0,1.0,0.0,0.0,0.0,0.0
102096,0.0,0.0,0.0,0.0,0.0,0.0,0.0
104660,0.0,0.0,0.0,0.0,1.0,0.0,0.0
104661,0.0,0.0,0.0,0.0,0.0,0.0,0.0
104866,0.0,0.0,0.0,0.0,1.0,0.0,0.0
104867,0.0,0.0,0.0,0.0,0.0,0.0,0.0
106472,0.0,0.0,0.0,0.0,1.0,0.0,0.0
106474,0.0,0.0,0.0,0.0,0.0,0.0,0.0
106475,0.0,0.0,0.0,0.0,1.0,0.0,0.0
106476,0.0,0.0,0.0,0.0,0.0,0.0,0.0
106570,0.0,0.0,0.0,0.0,1.0,0.0,0.0
106571,0.0,0.0,0.0,0.0,0.0,0.0,0.0
107000,0.0,0.0,0.0,0.0,0.0,0.0,1.0
107001,0.0,0.0,0.0,0.0,0.0,0.0,0.0
107683,0.0,0.0,0.0,0.0,1.0,0.0,0.0
107684,0.0,0.0,0.0,0.0,0.0,0.0,0.0
107685,0.0,0.0,0.0,0.0,1.0,0.0,0.0
107686,0.0,0.0,0.0,0.0,0.0,0.0,0.0
107958,0.0,0.0,0.0,0.0,1.0,0.0,0.0
107959,0.0,0.0,0.0,0.0,0.0,0.0,0.0
108199,0.0,0.0,0.0,0.0,1.0,0.0,0.0
108200,0.0,0.0,0.0,0.0,0.0,0.0,0.0
108262,0.0,0.0,0.0,0.0,1.0,0.0,0.0
108263,0.0,0.0,0.0,0.0,0.0,0.0,0.0
108398,0.0,0.0,0.0,0.0,1.0,0.0,0.0
108399,0.0,0.0,0.0,0.0,0.0,0.0,0.0
108454,0.0,0.0,0.0,0.0,1.0,0.0,0.0
108455,0.0,0.0,0.0,0.0,2.0,0.0,0.0
108456,0.0,0.0,0.0,0.0,0.0,0.0,0.0
109200,0.0,0.0,0.0,0.0,1.0,0.0,0.0
109202,0.0,0.0,0.0,0.0,0.0,0.0,0.0
109316,0.0,0.0,1.0,0.0,0.0,0.0,0.0
109318,0.0,0.0,0.0,0.0,0.0,0.0,0.0
109320,0.0,0.0,1.0,0.0,0.0,0.0,0.0
109327,0.0,0.0,0.0,0.0,0.0,0.0,0.0
109329,0.0,0.0,1.0,0.0,0.0,0.0,0.0
109331,0.0,0.0,0.0,0.0,0.0,0.0,0.0
109427,0.0,0.0,1.0,0.0,0.0,0.0,0.0
109428,0.0,0.0,0.0,0.0,0.0,0.0,0.0
109429,0.0,0.0,1.0,0.0,0.0,0.0,0.0
109432,0.0,0.0,0.0,0.0,0.0,0.0,0.0
109439,0.0,0.0,1.0,0.0,0.0,0.0,0.0
109441,0.0,0.0,0.0,0.0,0.0,0.0,0.0
109442,0.0,0.0,1.0,0.0,0.0,0.0,0.0
109445,0.0,0.0,0.0,0.0,0.0,0.0,0.0
109448,0.0,0.0,1.0,0.0,0.0,0.0,0.0
109453,0.0,0.0,0.0,0.0,0.0,0.0,0.0
109455,0.0,0.0,1.0,0.0,0.0,0.0,0.0
109499,0.0,0.0,1.0,0.0,1.0,0.0,0.0
109501,0.0,2.0,1.0,0.0,1.0,0.0,0.0
109502,0.0,0.0,1.0,0.0,1.0,0.0,0.0
109503,0.0,0.0,1.0,0.0,0.0,0.0,0.0
109506,0.0,0.0,1.0,0.0,1.0,0.0,0.0
109507,0.0,0.0,1.0,0.0,0.0,0.0,0.0
109509,0.0,0.0,1.0,0.0,1.0,0.0,0.0
109510,0.0,0.0,1.0,0.0,0.0,0.0,0.0
109511,0.0,0.0,1.0,0.0,1.0,0.0,0.0
109512,0.0,0.0,1.0,0.0,0.0,0.0,0.0
109513,0.0,0.0,1.0,0.0,1.0,0.0,0.0
109516,0.0,0.0,1.0,0.0,0.0,0.0,0.0
110332,0.0,0.0,1.0,1.0,0.0,1.0,0.0
110333,0.0,0.0,0.0,0.0,0.0,0.0,0.0
110442,0.0,0.0,1.0,0.0,0.0,0.0,0.0
110444,0.0,0.0,0.0,0.0,0.0,0.0,0.0
110448,0.0,0.0,1.0,0.0,0.0,0.0,0.0
110488,0.0,0.0,0.0,0.0,0.0,0.0,0.0
110490,0.0,0.0,1.0,0.0,0.0,0.0,0.0
110498,0.0,0.0,0.0,0.0,0.0,0.0,0.0
110506,0.0,0.0,1.0,0.0,0.0,0.0,0.0
110565,0.0,0.0,0.0,0.0,0.0,0.0,0.0
110567,0.0,0.0,1.0,0.0,0.0,0.0,0.0
110569,0.0,0.0,0.0,0.0,0.0,0.0,0.0
110572,0.0,0.0,1.0,0.0,0.0,0.0,0.0
110574,0.0,0.0,0.0,0.0,0.0,0.0,0.0
110575,0.0,0.0,1.0,0.0,0.0,0.0,0.0
110712,0.0,0.0,2.0,0.0,0.0,0.0,0.0
110713,0.0,0.0,0.0,0.0,0.0,0.0,0.0
110783,0.0,0.0,1.0,0.0,0.0,0.0,0.0
110786,0.0,0.0,0.0,0.0,0.0,0.0,0.0
110787,0.0,0.0,1.0,0.0,0.0,0.0,0.0
110791,0.0,0.0,0.0,0.0,0.0,0.0,0.0
110792,0.0,0.0,1.0,0.0,0.0,0.0,0.0
110795,0.0,0.0,0.0,0.0,0.0,0.0,0.0
110796,0.0,0.0,1.0,0.0,0.0,0.0,0.0
110977,0.0,0.0,2.0,0.0,0.0,0.0,0.0
110978,0.0,0.0,0.0,0.0,0.0,0.0,0.0
111021,0.0,0.0,1.0,0.0,0.0,0.0,0.0
111022,0.0,0.0,0.0,0.0,0.0,0.0,0.0
111034,0.0,0.0,1.0,0.0,0.0,0.0,0.0
111060,0.0,0.0,0.0,0.0,0.0,0.0,0.0
111172,0.0,0.0,1.0,0.0,0.0,0.0,0.0
111279,0.0,0.0,2.0,0.0,0.0,0.0,0.0
111280,0.0,0.0,0.0,0.0,0.0,0.0,0.0
111338,0.0,0.0,1.0,0.0,0.0,0.0,0.0
111344,0.0,0.0,0.0,0.0,0.0,0.0,0.0
111346,0.0,0.0,1.0,0.0,0.0,0.0,0.0
111366,0.0,0.0,0.0,0.0,0.0,0.0,0.0
111390,0.0,0.0,1.0,0.0,0.0,0.0,0.0
111395,0.0,0.0,0.0,0.0,0.0,0.0,0.0
111551,0.0,0.0,1.0,0.0,0.0,0.0,0.0
111554,0.0,0.0,0.0,0.0,0.0,0.0,0.0
111562,0.0,0.0,1.0,0.0,0.0,0.0,0.0
111564,0.0,0.0,0.0,0.0,0.0,0.0,0.0
111565,0.0,0.0,1.0,0.0,0.0,0.0,0.0
111575,0.0,0.0,0.0,0.0,0.0,0.0,0.0
111576,0.0,0.0,1.0,0.0,0.0,0.0,0.0
111592,0.0,0.0,1.0,0.0,1.0,0.0,0.0
111594,0.0,0.0,1.0,0.0,0.0,0.0,0.0
111624,0.0,0.0,0.0,0.0,0.0,0.0,0.0
112593,0.0,0.0,0.0,0.0,1.0,0.0,0.0
112594,0.0,0.0,0.0,0.0,0.0,0.0,0.0
115831,0.0,0.0,0.0,1.0,0.0,0.0,0.0
115832,0.0,0.0,0.0,0.0,0.0,0.0,0.0
115833,0.0,0.0,0.0,1.0,0.0,0.0,0.0
115834,0.0,0.0,0.0,0.0,0.0,0.0,0.0
119000,0.0,0.0,0.0,0.0,0.0,0.0,1.0
119001,0.0,0.0,0.0,0.0,0.0,0.0,0.0
119357,0.0,0.0,0.0,0.0,1.0,0.0,0.0
119358,0.0,0.0,0.0,0.0,0.0,0.0,0.0
119360,0.0,0.0,0.0,0.0,1.0,0.0,0.0
119361,0.0,0.0,0.0,0.0,0.0,0.0,0.0
119367,0.0,0.0,0.0,0.0,1.0,0.0,0.0
119369,0.0,0.0,0.0,0.0,0.0,0.0,0.0
119370,0.0,0.0,0.0,0.0,1.0,0.0,0.0
119371,0.0,0.0,0.0,0.0,0.0,0.0,0.0
119372,0.0,0.0,0.0,0.0,1.0,0.0,0.0
119374,0.0,0.0,0.0,0.0,0.0,0.0,0.0
119377,0.0,0.0,0.0,0.0,1.0,0.0,0.0
119378,0.0,0.0,0.0,0.0,2.0,0.0,0.0
119379,0.0,0.0,0.0,0.0,0.0,0.0,0.0
120329,0.0,0.0,0.0,0.0,1.0,0.0,0.0
120330,0.0,0.0,0.0,0.0,0.0,0.0,0.0
120377,0.0,0.0,1.0,0.0,0.0,0.0,0.0
120405,0.0,0.0,0.0,0.0,0.0,0.0,0.0
120408,0.0,0.0,1.0,0.0,0.0,0.0,0.0
120414,0.0,0.0,0.0,0.0,0.0,0.0,0.0
120415,0.0,0.0,1.0,0.0,0.0,0.0,0.0
120423,0.0,0.0,0.0,0.0,0.0,0.0,0.0
120465,0.0,0.0,1.0,0.0,0.0,0.0,0.0
120477,0.0,0.0,1.0,0.0,1.0,0.0,0.0
120478,0.0,0.0,1.0,0.0,0.0,0.0,0.0
120753,0.0,2.0,1.0,0.0,0.0,0.0,0.0
120754,0.0,0.0,1.0,0.0,0.0,0.0,0.0
121047,0.0,0.0,2.0,0.0,0.0,0.0,0.0
121048,0.0,0.0,0.0,0.0,0.0,0.0,0.0
121088,0.0,0.0,1.0,0.0,0.0,0.0,0.0
121112,0.0,0.0,0.0,0.0,0.0,0.0,0.0
121129,0.0,0.0,1.0,0.0,0.0,0.0,0.0
121131,0.0,0.0,0.0,0.0,0.0,0.0,0.0
121132,0.0,0.0,1.0,0.0,0.0,0.0,0.0
121135,0.0,0.0,0.0,0.0,0.0,0.0,0.0
121148,2.0,0.0,0.0,0.0,0.0,1.0,0.0
121149,0.0,0.0,0.0,0.0,0.0,0.0,0.0
122108,0.0,0.0,0.0,0.0,1.0,0.0,0.0
122113,0.0,0.0,0.0,0.0,0.0,0.0,0.0
122182,0.0,0.0,1.0,0.0,0.0,0.0,0.0
122192,0.0,0.0,0.0,0.0,0.0,0.0,0.0
122420,0.0,0.0,0.0,1.0,0.0,0.0,0.0
122421,0.0,0.0,0.0,0.0,0.0,0.0,0.0
122422,0.0,0.0,0.0,1.0,0.0,0.0,0.0
122426,0.0,0.0,0.0,0.0,0.0,0.0,0.0
122434,0.0,0.0,0.0,1.0,0.0,0.0,0.0
122435,0.0,0.0,0.0,0.0,0.0,0.0,0.0
122436,0.0,0.0,0.0,1.0,0.0,0.0,0.0
122437,0.0,0.0,0.0,1.0,1.0,0.0,0.0
122438,0.0,0.0,0.0,1.0,0.0,0.0,0.0
122439,0.0,0.0,0.0,1.0,1.0,0.0,0.0
122441,0.0,0.0,0.0,1.0,0.0,0.0,0.0
122442,0.0,0.0,0.0,1.0,1.0,0.0,0.0
122443,0.0,0.0,0.0,2.0,1.0,1.0,0.0
122444,0.0,0.0,0.0,0.0,0.0,0.0,0.0
122881,0.0,0.0,0.0,0.0,1.0,0.0,0.0
122884,0.0,0.0,0.0,0.0,0.0,0.0,0.0
122885,0.0,0.0,0.0,0.0,1.0,0.0,0.0
122888,0.0,0.0,0.0,0.0,2.0,0.0,0.0
122889,0.0,0.0,0.0,0.0,0.0,0.0,0.0
123803,0.0,0.0,0.0,0.0,1.0,0.0,0.0
123804,0.0,0.0,0.0,0.0,0.0,0.0,0.0
124297,0.0,0.0,0.0,0.0,1.0,0.0,0.0
124298,0.0,0.0,0.0,0.0,0.0,0.0,0.0
124301,0.0,0.0,0.0,0.0,1.0,0.0,0.0
124303,0.0,0.0,0.0,0.0,0.0,0.0,0.0
126665,0.0,0.0,0.0,0.0,1.0,0.0,0.0
126666,0.0,0.0,0.0,0.0,0.0,0.0,0.0
126668,0.0,0.0,0.0,0.0,1.0,0.0,0.0
126669,0.0,0.0,0.0,0.0,0.0,0.0,0.0
127120,0.0,0.0,0.0,0.0,1.0,0.0,0.0
127124,0.0,0.0,0.0,0.0,0.0,0.0,0.0
127128,0.0,0.0,0.0,0.0,1.0,0.0,0.0
127132,0.0,0.0,0.0,0.0,0.0,0.0,0.0
127491,0.0,0.0,0.0,0.0,1.0,0.0,0.0
127492,0.0,0.0,0.0,0.0,0.0,0.0,0.0
127509,0.0,0.0,0.0,0.0,1.0,0.0,0.0
127510,0.0,0.0,0.0,0.0,0.0,0.0,0.0
127656,0.0,0.0,0.0,0.0,1.0,0.0,0.0
127657,0.0,0.0,0.0,0.0,0.0,0.0,0.0
127658,0.0,0.0,0.0,0.0,1.0,0.0,0.0
127660,0.0,0.0,0.0,0.0,0.0,0.0,0.0
127664,0.0,0.0,0.0,0.0,1.0,0.0,0.0
127665,0.0,0.0,0.0,0.0,0.0,0.0,0.0
130496,0.0,0.0,0.0,0.0,1.0,0.0,0.0
130497,0.0,0.0,0.0,0.0,0.0,0.0,0.0
130499,0.0,0.0,0.0,0.0,1.0,0.0,0.0
130500,0.0,0.0,0.0,0.0,0.0,0.0,0.0
130627,0.0,0.0,0.0,0.0,1.0,0.0,0.0
130628,0.0,0.0,0.0,0.0,0.0,0.0,0.0
130632,0.0,0.0,0.0,0.0,1.0,0.0,0.0
130633,0.0,0.0,0.0,0.0,0.0,0.0,0.0
130686,0.0,0.0,0.0,0.0,1.0,0.0,0.0
130687,0.0,0.0,0.0,0.0,0.0,0.0,0.0
130930,0.0,0.0,0.0,0.0,1.0,0.0,0.0
130931,0.0,0.0,0.0,0.0,0.0,0.0,0.0
130932,0.0,0.0,0.0,0.0,1.0,0.0,0.0
130934,0.0,0.0,0.0,0.0,0.0,0.0,0.0
130935,0.0,0.0,0.0,0.0,1.0,0.0,0.0
130936,0.0,0.0,0.0,0.0,0.0,0.0,0.0
130937,0.0,0.0,0.0,0.0,1.0,0.0,0.0
130939,0.0,0.0,0.0,0.0,0.0,0.0,0.0
130977,0.0,0.0,0.0,0.0,1.0,0.0,0.0
130980,0.0,0.0,0.0,0.0,0.0,0.0,0.0
130981,0.0,0.0,0.0,0.0,1.0,0.0,0.0
130982,0.0,0.0,0.0,0.0,0.0,0.0,0.0
131000,0.0,0.0,0.0,0.0,0.0,0.0,1.0
131001,0.0,0.0,0.0,0.0,0.0,0.0,0.0
131588,0.0,0.0,0.0,0.0,1.0,0.0,0.0
131589,0.0,0.0,0.0,0.0,0.0,0.0,0.0
131590,0.0,0.0,0.0,0.0,1.0,0.0,0.0
131591,0.0,0.0,0.0,0.0,0.0,0.0,0.0
131670,0.0,0.0,0.0,0.0,1.0,0.0,0.0
131671,0.0,0.0,0.0,0.0,0.0,0.0,0.0
132405,0.0,0.0,0.0,0.0,1.0,0.0,0.0
132406,0.0,0.0,0.0,0.0,0.0,0.0,0.0
132457,0.0,0.0,0.0,0.0,1.0,0.0,0.0
132459,0.0,0.0,0.0,0.0,2.0,0.0,0.0
132460,0.0,0.0,0.0,0.0,0.0,0.0,0.0
132704,0.0,0.0,1.0,0.0,0.0,0.0,0.0
132706,0.0,0.0,0.0,0.0,0.0,0.0,0.0
132708,0.0,0.0,1.0,0.0,0.0,0.0,0.0
132715,0.0,0.0,0.0,0.0,0.0,0.0,0.0
132727,0.0,0.0,1.0,0.0,0.0,0.0,0.0
132728,0.0,0.0,0.0,0.0,0.0,0.0,0.0
132822,0.0,0.0,1.0,0.0,0.0,0.0,0.0
132824,0.0,0.0,0.0,0.0,0.0,0.0,0.0
132840,0.0,0.0,1.0,0.0,0.0,0.0,0.0
132841,0.0,0.0,0.0,0.0,0.0,0.0,0.0
132842,0.0,0.0,1.0,0.0,0.0,0.0,0.0
132880,0.0,0.0,0.0,0.0,0.0,0.0,0.0
132883,0.0,0.0,1.0,0.0,0.0,0.0,0.0
132884,0.0,0.0,0.0,0.0,0.0,0.0,0.0
132905,0.0,0.0,1.0,0.0,0.0,0.0,0.0
132906,0.0,0.0,0.0,0.0,0.0,0.0,0.0
132974,0.0,0.0,1.0,0.0,0.0,0.0,0.0
132976,0.0,0.0,0.0,0.0,0.0,0.0,0.0
132983,0.0,0.0,1.0,0.0,0.0,0.0,0.0
132984,0.0,0.0,0.0,0.0,0.0,0.0,0.0
132986,0.0,0.0,1.0,0.0,0.0,0.0,0.0
133097,0.0,0.0,0.0,0.0,0.0,0.0,0.0
133100,0.0,0.0,1.0,0.0,0.0,0.0,0.0
133101,0.0,0.0,0.0,0.0,0.0,0.0,0.0
133118,0.0,0.0,1.0,0.0,0.0,0.0,0.0
133119,0.0,0.0,0.0,0.0,0.0,0.0,0.0
133127,0.0,0.0,1.0,0.0,0.0,0.0,0.0
133128,0.0,0.0,0.0,0.0,0.0,0.0,0.0
133129,0.0,0.0,1.0,0.0,0.0,0.0,0.0
133132,0.0,0.0,0.0,0.0,0.0,0.0,0.0
133133,0.0,0.0,1.0,0.0,0.0,0.0,0.0
133151,0.0,0.0,1.0,0.0,1.0,0.0,0.0
133152,0.0,0.0,1.0,0.0,0.0,0.0,0.0
133172,0.0,0.0,1.0,0.0,1.0,0.0,0.0
133173,0.0,0.0,1.0,0.0,0.0,0.0,0.0
133274,0.0,2.0,1.0,0.0,0.0,0.0,0.0
133275,0.0,0.0,1.0,0.0,0.0,0.0,0.0
133432,0.0,0.0,1.0,0.0,1.0,0.0,0.0
133434,0.0,0.0,1.0,0.0,2.0,0.0,0.0
133435,0.0,0.0,1.0,0.0,0.0,0.0,0.0
133905,0.0,0.0,1.0,1.0,0.0,1.0,0.0
133906,0.0,0.0,0.0,0.0,0.0,0.0,0.0
134371,0.0,0.0,1.0,0.0,0.0,0.0,0.0
134372,0.0,0.0,1.0,0.0,1.0,0.0,0.0
134373,0.0,0.0,1.0,0.0,0.0,0.0,0.0
134375,0.0,0.0,1.0,0.0,1.0,0.0,0.0
134376,0.0,0.0,1.0,0.0,0.0,0.0,0.0
134377,0.0,0.0,1.0,0.0,1.0,0.0,0.0
134378,0.0,0.0,1.0,0.0,0.0,0.0,0.0
134389,0.0,0.0,1.0,0.0,1.0,0.0,0.0
134390,0.0,0.0,1.0,0.0,0.0,0.0,0.0
134391,0.0,0.0,1.0,0.0,1.0,0.0,0.0
134392,0.0,0.0,1.0,0.0,0.0,0.0,0.0
134393,0.0,0.0,1.0,0.0,1.0,0.0,0.0
134394,0.0,0.0,1.0,0.0,0.0,0.0,0.0
134395,0.0,0.0,1.0,0.0,1.0,0.0,0.0
134399,0.0,0.0,1.0,0.0,0.0,0.0,0.0
134503,0.0,0.0,0.0,0.0,0.0,0.0,0.0
134504,0.0,0.0,1.0,0.0,0.0,0.0,0.0
134507,0.0,0.0,0.0,0.0,0.0,0.0,0.0
134508,0.0,0.0,1.0,0.0,0.0,0.0,0.0
134568,0.0,0.0,1.0,0.0,1.0,0.0,0.0
134572,0.0,0.0,1.0,0.0,0.0,0.0,0.0
134781,0.0,0.0,0.0,0.0,0.0,0.0,0.0
134782,0.0,0.0,1.0,0.0,0.0,0.0,0.0
134789,0.0,0.0,0.0,0.0,0.0,0.0,0.0
134791,0.0,0.0,1.0,0.0,0.0,0.0,0.0
134793,0.0,0.0,0.0,0.0,0.0,0.0,0.0
134796,0.0,0.0,1.0,0.0,0.0,0.0,0.0
134797,0.0,0.0,0.0,0.0,0.0,0.0,0.0
134804,0.0,0.0,1.0,0.0,0.0,0.0,0.0
134805,0.0,0.0,0.0,0.0,0.0,0.0,0.0
134806,0.0,0.0,1.0,0.0,0.0,0.0,0.0
134901,0.0,0.0,0.0,0.0,0.0,0.0,0.0
134919,0.0,0.0,1.0,0.0,0.0,0.0,0.0
134921,0.0,0.0,0.0,0.0,0.0,0.0,0.0
134934,0.0,0.0,1.0,0.0,0.0,0.0,0.0
134937,0.0,0.0,0.0,0.0,0.0,0.0,0.0
134938,0.0,0.0,1.0,0.0,0.0,0.0,0.0
134945,0.0,0.0,0.0,0.0,0.0,0.0,0.0
134947,0.0,0.0,1.0,0.0,0.0,0.0,0.0
135029,0.0,0.0,1.0,0.0,1.0,0.0,0.0
135030,0.0,0.0,1.0,0.0,0.0,0.0,0.0
135031,0.0,0.0,1.0,0.0,1.0,0.0,0.0
135032,0.0,0.0,1.0,0.0,0.0,0.0,0.0
135097,0.0,0.0,1.0,0.0,1.0,0.0,0.0
135103,0.0,0.0,1.0,0.0,0.0,0.0,0.0
135678,0.0,0.0,0.0,0.0,0.0,0.0,0.0
135679,0.0,0.0,1.0,0.0,0.0,0.0,0.0
135686,0.0,0.0,0.0,0.0,0.0,0.0,0.0
135692,0.0,0.0,1.0,0.0,0.0,0.0,0.0
135694,0.0,0.0,0.0,0.0,0.0,0.0,0.0
135708,0.0,0.0,1.0,0.0,0.0,0.0,0.0
135718,0.0,0.0,0.0,0.0,0.0,0.0,0.0
135721,0.0,0.0,1.0,0.0,0.0,0.0,0.0
135726,0.0,0.0,0.0,0.0,0.0,0.0,0.0
135728,0.0,0.0,1.0,0.0,0.0,0.0,0.0
135734,0.0,0.0,0.0,0.0,0.0,0.0,0.0
135737,0.0,0.0,1.0,0.0,0.0,0.0,0.0
135738,0.0,0.0,0.0,0.0,0.0,0.0,0.0
135739,0.0,0.0,1.0,0.0,0.0,0.0,0.0
135746,0.0,0.0,0.0,0.0,0.0,0.0,0.0
135747,0.0,0.0,1.0,0.0,0.0,0.0,0.0
135750,0.0,0.0,0.0,0.0,0.0,0.0,0.0
136576,0.0,0.0,1.0,0.0,1.0,0.0,0.0
136577,0.0,0.0,1.0,0.0,0.0,0.0,0.0
136578,0.0,0.0,1.0,0.0,1.0,0.0,0.0
136579,0.0,0.0,1.0,0.0,0.0,0.0,0.0
136580,0.0,0.0,1.0,0.0,1.0,0.0,0.0
136581,0.0,0.0,1.0,0.0,2.0,0.0,0.0
136582,0.0,0.0,1.0,0.0,0.0,0.0,0.0
136634,0.0,0.0,0.0,0.0,0.0,0.0,0.0
136636,0.0,0.0,1.0,0.0,0.0,0.0,0.0
136638,0.0,0.0,0.0,0.0,0.0,0.0,0.0
136639,0.0,0.0,1.0,0.0,0.0,0.0,0.0
136642,0.0,0.0,0.0,0.0,0.0,0.0,0.0
136644,0.0,0.0,1.0,0.0,0.0,0.0,0.0
136654,0.0,0.0,0.0,0.0,0.0,0.0,0.0
136657,0.0,0.0,1.0,0.0,0.0,0.0,0.0
137168,0.0,0.0,0.0,0.0,0.0,0.0,0.0
137174,0.0,0.0,1.0,0.0,0.0,0.0,0.0
137176,0.0,0.0,0.0,0.0,0.0,0.0,0.0
137178,0.0,0.0,1.0,0.0,0.0,0.0,0.0
137180,0.0,0.0,0.0,0.0,0.0,0.0,0.0
137187,0.0,0.0,1.0,0.0,0.0,0.0,0.0
137188,0.0,0.0,0.0,0.0,0.0,0.0,0.0
137191,0.0,0.0,1.0,0.0,0.0,0.0,0.0
137192,0.0,0.0,0.0,0.0,0.0,0.0,0.0
137213,0.0,0.0,1.0,0.0,0.0,0.0,0.0
137222,0.0,0.0,1.0,0.0,1.0,0.0,0.0
137228,0.0,0.0,1.0,0.0,0.0,0.0,0.0
137247,0.0,0.0,0.0,0.0,0.0,0.0,0.0
137249,0.0,0.0,1.0,0.0,0.0,0.0,0.0
137251,0.0,0.0,0.0,0.0,0.0,0.0,0.0
137278,0.0,0.0,1.0,0.0,0.0,0.0,0.0
137279,0.0,0.0,0.0,0.0,0.0,0.0,0.0
137286,0.0,0.0,1.0,0.0,0.0,0.0,0.0
137287,0.0,0.0,0.0,0.0,0.0,0.0,0.0
137288,0.0,0.0,1.0,0.0,0.0,0.0,0.0
137291,0.0,0.0,0.0,0.0,0.0,0.0,0.0
137292,0.0,0.0,1.0,0.0,0.0,0.0,0.0
137295,0.0,0.0,0.0,0.0,0.0,0.0,0.0
137391,0.0,0.0,1.0,0.0,0.0,0.0,0.0
137397,0.0,0.0,0.0,0.0,0.0,0.0,0.0
137399,0.0,0.0,1.0,0.0,0.0,0.0,0.0
137411,0.0,0.0,1.0,0.0,1.0,0.0,0.0
137412,0.0,0.0,1.0,0.0,0.0,0.0,0.0
137413,0.0,0.0,1.0,0.0,1.0,0.0,0.0
137414,0.0,0.0,1.0,0.0,0.0,0.0,0.0
137416,0.0,0.0,1.0,0.0,1.0,0.0,0.0
137420,0.0,0.0,1.0,0.0,2.0,0.0,0.0
137421,0.0,0.0,1.0,0.0,0.0,0.0,0.0
137484,0.0,0.0,0.0,0.0,0.0,0.0,0.0
137486,0.0,0.0,1.0,0.0,0.0,0.0,0.0
137488,0.0,0.0,0.0,0.0,0.0,0.0,0.0
137519,0.0,0.0,1.0,0.0,0.0,0.0,0.0
137520,0.0,0.0,0.0,0.0,0.0,0.0,0.0
137521,0.0,0.0,1.0,0.0,0.0,0.0,0.0
137528,0.0,0.0,0.0,0.0,0.0,0.0,0.0
137529,0.0,0.0,1.0,0.0,0.0,0.0,0.0
137532,0.0,0.0,0.0,0.0,0.0,0.0,0.0
137699,0.0,0.0,0.0,0.0,1.0,0.0,0.0
137700,0.0,0.0,0.0,0.0,0.0,0.0,0.0
137703,0.0,0.0,1.0,0.0,1.0,0.0,0.0
137705,0.0,0.0,0.0,0.0,0.0,0.0,0.0
141935,0.0,0.0,0.0,0.0,1.0,0.0,0.0
141936,0.0,0.0,0.0,0.0,0.0,0.0,0.0
142602,0.0,0.0,0.0,0.0,1.0,0.0,0.0
142604,0.0,0.0,0.0,0.0,0.0,0.0,0.0
142605,0.0,0.0,0.0,0.0,1.0,0.0,0.0
142606,0.0,0.0,0.0,0.0,0.0,0.0,0.0
143000,0.0,0.0,0.0,0.0,0.0,0.0,1.0
143001,0.0,0.0,0.0,0.0,0.0,0.0,0.0
143228,0.0,0.0,0.0,0.0,1.0,0.0,0.0
143236,0.0,0.0,0.0,0.0,0.0,0.0,0.0
143259,0.0,0.0,0.0,0.0,1.0,0.0,0.0
143260,0.0,0.0,0.0,0.0,0.0,0.0,0.0
143282,0.0,0.0,0.0,0.0,1.0,0.0,0.0
143283,0.0,0.0,0.0,0.0,0.0,0.0,0.0
143284,0.0,0.0,0.0,0.0,1.0,0.0,0.0
143286,0.0,0.0,0.0,0.0,2.0,0.0,0.0
143287,0.0,0.0,0.0,0.0,0.0,0.0,0.0
143599,0.0,0.0,0.0,0.0,1.0,0.0,0.0
143602,0.0,0.0,0.0,0.0,0.0,0.0,0.0
143603,0.0,0.0,0.0,0.0,1.0,0.0,0.0
143605,0.0,0.0,0.0,0.0,0.0,0.0,0.0
144402,0.0,0.0,0.0,0.0,1.0,0.0,0.0
144403,0.0,0.0,0.0,0.0,0.0,0.0,0.0
144414,0.0,0.0,0.0,0.0,1.0,0.0,0.0
144415,0.0,0.0,0.0,0.0,0.0,0.0,0.0
145223,0.0,0.0,1.0,0.0,0.0,0.0,0.0
145225,0.0,0.0,0.0,0.0,0.0,0.0,0.0
145319,0.0,0.0,1.0,0.0,0.0,0.0,0.0
145320,0.0,0.0,0.0,0.0,0.0,0.0,0.0
145323,0.0,0.0,1.0,0.0,0.0,0.0,0.0
145324,0.0,0.0,0.0,0.0,0.0,0.0,0.0
145326,0.0,0.0,1.0,0.0,0.0,0.0,0.0
145328,0.0,0.0,0.0,0.0,0.0,0.0,0.0
145332,0.0,0.0,1.0,0.0,0.0,0.0,0.0
145333,0.0,0.0,0.0,0.0,0.0,0.0,0.0
145334,0.0,0.0,1.0,0.0,0.0,0.0,0.0
145449,0.0,2.0,1.0,0.0,1.0,0.0,0.0
145450,0.0,0.0,1.0,0.0,0.0,0.0,0.0
145458,0.0,0.0,1.0,0.0,1.0,0.0,0.0
145459,0.0,0.0,1.0,0.0,0.0,0.0,0.0
145460,0.0,0.0,1.0,0.0,1.0,0.0,0.0
145461,0.0,0.0,1.0,0.0,0.0,0.0,0.0
146033,0.0,0.0,1.0,0.0,1.0,0.0,0.0
146034,0.0,0.0,1.0,0.0,0.0,0.0,0.0
146085,0.0,0.0,1.0,1.0,0.0,1.0,0.0
146086,0.0,0.0,0.0,0.0,0.0,0.0,0.0
146542,0.0,0.0,1.0,0.0,0.0,0.0,0.0
146543,0.0,0.0,0.0,0.0,0.0,0.0,0.0
146545,0.0,0.0,1.0,0.0,0.0,0.0,0.0
146547,0.0,0.0,0.0,0.0,0.0,0.0,0.0
146552,0.0,0.0,1.0,0.0,0.0,0.0,0.0
146554,0.0,0.0,0.0,0.0,0.0,0.0,0.0
146559,0.0,0.0,1.0,0.0,0.0,0.0,0.0
146561,0.0,0.0,0.0,0.0,0.0,0.0,0.0
146674,0.0,0.0,1.0,0.0,0.0,0.0,0.0
146684,0.0,0.0,0.0,0.0,0.0,0.0,0.0
146735,0.0,0.0,1.0,0.0,0.0,0.0,0.0
146741,0.0,0.0,0.0,0.0,0.0,0.0,0.0
146769,0.0,0.0,1.0,0.0,0.0,0.0,0.0
146770,0.0,0.0,0.0,0.0,0.0,0.0,0.0
146771,0.0,0.0,1.0,0.0,0.0,0.0,0.0
146773,0.0,0.0,0.0,0.0,0.0,0.0,0.0
146780,0.0,0.0,1.0,0.0,0.0,0.0,0.0
146781,0.0,0.0,0.0,0.0,0.0,0.0,0.0
146783,0.0,0.0,1.0,0.0,0.0,0.0,0.0
146784,0.0,0.0,0.0,0.0,0.0,0.0,0.0
147408,0.0,0.0,0.0,0.0,1.0,0.0,0.0
147409,0.0,0.0,0.0,0.0,0.0,0.0,0.0
147476,0.0,0.0,0.0,0.0,1.0,0.0,0.0
147477,0.0,0.0,0.0,0.0,0.0,0.0,0.0
147536,0.0,0.0,0.0,0.0,1.0,0.0,0.0
147537,0.0,0.0,0.0,0.0,0.0,0.0,0.0
147959,0.0,0.0,0.0,0.0,1.0,0.0,0.0
147960,0.0,0.0,0.0,0.0,0.0,0.0,0.0
147974,0.0,0.0,0.0,0.0,1.0,0.0,0.0
147975,0.0,0.0,0.0,0.0,0.0,0.0,0.0
151693,0.0,0.0,0.0,1.0,0.0,0.0,0.0
151694,0.0,0.0,0.0,1.0,1.0,0.0,0.0
151695,0.0,0.0,0.0,1.0,0.0,0.0,0.0
151696,0.0,0.0,0.0,1.0,1.0,0.0,0.0
151698,0.0,0.0,0.0,0.0,0.0,0.0,0.0
151699,0.0,0.0,0.0,1.0,1.0,0.0,0.0
151700,0.0,0.0,0.0,0.0,0.0,0.0,0.0
151703,0.0,0.0,0.0,1.0,1.0,0.0,0.0
151705,0.0,0.0,0.0,0.0,0.0,0.0,0.0
154343,0.0,0.0,0.0,0.0,1.0,0.0,0.0
154344,0.0,0.0,0.0,0.0,0.0,0.0,0.0
155000,0.0,0.0,0.0,0.0,0.0,0.0,1.0
155001,0.0,0.0,0.0,0.0,0.0,0.0,0.0
155760,0.0,0.0,0.0,0.0,1.0,0.0,0.0
155761,0.0,0.0,0.0,0.0,0.0,0.0,0.0
155767,0.0,0.0,0.0,0.0,1.0,0.0,0.0
155768,0.0,0.0,0.0,0.0,0.0,0.0,0.0
155770,0.0,0.0,0.0,0.0,1.0,0.0,0.0
155771,0.0,0.0,0.0,0.0,0.0,0.0,0.0
155812,0.0,0.0,0.0,0.0,1.0,0.0,0.0
155814,0.0,0.0,0.0,0.0,2.0,0.0,0.0
155815,0.0,0.0,0.0,0.0,0.0,0.0,0.0
156781,0.0,0.0,0.0,0.0,1.0,0.0,0.0
156782,0.0,0.0,0.0,0.0,0.0,0.0,0.0
156784,0.0,0.0,0.0,0.0,1.0,0.0,0.0
156785,0.0,0.0,0.0,0.0,0.0,0.0,0.0
156838,0.0,0.0,0.0,0.0,1.0,0.0,0.0
156840,0.0,0.0,0.0,0.0,2.0,0.0,0.0
156841,0.0,0.0,0.0,0.0,0.0,0.0,0.0
156849,0.0,0.0,1.0,0.0,0.0,0.0,0.0
156859,0.0,0.0,0.0,0.0,0.0,0.0,0.0
156873,0.0,0.0,1.0,0.0,0.0,0.0,0.0
156885,0.0,0.0,0.0,0.0,0.0,0.0,0.0
156887,0.0,0.0,1.0,0.0,0.0,0.0,0.0
156894,0.0,0.0,0.0,0.0,0.0,0.0,0.0
156897,0.0,0.0,1.0,0.0,0.0,0.0,0.0
156898,0.0,0.0,0.0,0.0,0.0,0.0,0.0
156899,0.0,0.0,1.0,0.0,0.0,0.0,0.0
156903,0.0,0.0,0.0,0.0,0.0,0.0,0.0
156915,0.0,0.0,1.0,0.0,0.0,0.0,0.0
157205,0.0,0.0,0.0,0.0,0.0,0.0,0.0
157207,0.0,0.0,1.0,0.0,0.0,0.0,0.0
157210,0.0,0.0,0.0,0.0,0.0,0.0,0.0
157229,0.0,0.0,1.0,0.0,0.0,0.0,0.0
157231,0.0,0.0,0.0,0.0,0.0,0.0,0.0
157232,0.0,0.0,1.0,0.0,0.0,0.0,0.0
157257,0.0,0.0,0.0,0.0,0.0,0.0,0.0
157261,0.0,0.0,1.0,0.0,0.0,0.0,0.0
157262,0.0,0.0,0.0,0.0,0.0,0.0,0.0
157263,0.0,0.0,1.0,0.0,0.0,0.0,0.0
157266,0.0,0.0,0.0,0.0,0.0,0.0,0.0
157267,0.0,0.0,1.0,0.0,0.0,0.0,0.0
157270,0.0,0.0,0.0,0.0,0.0,0.0,0.0
157271,0.0,0.0,1.0,0.0,0.0,0.0,0.0
157361,0.0,0.0,0.0,0.0,0.0,0.0,0.0
157363,0.0,0.0,1.0,0.0,0.0,0.0,0.0
157400,0.0,0.0,0.0,0.0,0.0,0.0,0.0
157403,0.0,0.0,1.0,0.0,0.0,0.0,0.0
157404,0.0,0.0,0.0,0.0,0.0,0.0,0.0
157406,0.0,0.0,1.0,0.0,0.0,0.0,0.0
157409,0.0,0.0,0.0,0.0,0.0,0.0,0.0
157411,0.0,0.0,1.0,0.0,0.0,0.0,0.0
157413,0.0,0.0,0.0,0.0,0.0,0.0,0.0
157415,0.0,0.0,1.0,0.0,0.0,0.0,0.0
157417,0.0,0.0,0.0,0.0,0.0,0.0,0.0
157421,0.0,0.0,1.0,0.0,0.0,0.0,0.0
157491,0.0,0.0,0.0,0.0,0.0,0.0,0.0
157592,0.0,0.0,1.0,0.0,0.0,0.0,0.0
157595,0.0,0.0,0.0,0.0,0.0,0.0,0.0
157596,0.0,0.0,1.0,0.0,0.0,0.0,0.0
157608,0.0,0.0,0.0,0.0,0.0,0.0,0.0
157628,0.0,0.0,1.0,0.0,0.0,0.0,0.0
157629,0.0,0.0,0.0,0.0,0.0,0.0,0.0
157630,0.0,0.0,1.0,0.0,0.0,0.0,0.0
157642,0.0,0.0,0.0,0.0,0.0,0.0,0.0
157643,0.0,0.0,1.0,0.0,0.0,0.0,0.0
157677,0.0,0.0,0.0,0.0,0.0,0.0,0.0
157693,0.0,0.0,1.0,0.0,0.0,0.0,0.0
157694,0.0,0.0,0.0,0.0,0.0,0.0,0.0
157695,0.0,0.0,1.0,0.0,0.0,0.0,0.0
157785,0.0,0.0,0.0,0.0,0.0,0.0,0.0
157788,0.0,0.0,1.0,0.0,0.0,0.0,0.0
157789,0.0,0.0,0.0,0.0,0.0,0.0,0.0
157790,0.0,0.0,1.0,0.0,0.0,0.0,0.0
157815,0.0,0.0,0.0,0.0,0.0,0.0,0.0
157816,0.0,0.0,1.0,0.0,0.0,0.0,0.0
157845,0.0,0.0,0.0,0.0,0.0,0.0,0.0
157847,0.0,0.0,1.0,0.0,0.0,0.0,0.0
157850,0.0,0.0,0.0,0.0,0.0,0.0,0.0
157853,0.0,0.0,1.0,0.0,0.0,0.0,0.0
157854,0.0,0.0,0.0,0.0,0.0,0.0,0.0
158004,0.0,0.0,1.0,0.0,0.0,0.0,0.0
158079,0.0,0.0,0.0,0.0,0.0,0.0,0.0
158080,0.0,0.0,1.0,0.0,0.0,0.0,0.0
158308,0.0,0.0,0.0,0.0,0.0,0.0,0.0
158496,0.0,0.0,0.0,0.0,1.0,0.0,0.0
158499,0.0,0.0,0.0,0.0,0.0,0.0,0.0
158639,0.0,0.0,1.0,0.0,0.0,0.0,0.0
158641,0.0,0.0,0.0,0.0,0.0,0.0,0.0
158643,0.0,0.0,1.0,0.0,0.0,0.0,0.0
158792,0.0,0.0,0.0,0.0,0.0,0.0,0.0
158795,0.0,0.0,1.0,0.0,0.0,0.0,0.0
158797,0.0,0.0,0.0,0.0,0.0,0.0,0.0
158802,0.0,0.0,1.0,0.0,0.0,0.0,0.0
158883,0.0,0.0,0.0,0.0,0.0,0.0,0.0
158885,0.0,0.0,1.0,0.0,0.0,0.0,0.0
158896,0.0,0.0,0.0,0.0,0.0,0.0,0.0
158897,0.0,0.0,1.0,0.0,0.0,0.0,0.0
159006,0.0,0.0,1.0,0.0,1.0,0.0,0.0
159007,0.0,0.0,1.0,0.0,0.0,0.0,0.0
159010,0.0,0.0,1.0,0.0,1.0,0.0,0.0
159011,0.0,0.0,1.0,0.0,2.0,0.0,0.0
159012,0.0,0.0,1.0,0.0,0.0,0.0,0.0
159224,0.0,2.0,1.0,0.0,0.0,0.0,0.0
159225,0.0,0.0,1.0,0.0,0.0,0.0,0.0
159666,0.0,0.0,1.0,1.0,0.0,1.0,0.0
159667,0.0,0.0,0.0,0.0,0.0,0.0,0.0
160433,0.0,0.0,1.0,0.0,1.0,0.0,0.0
160439,0.0,0.0,1.0,0.0,2.0,0.0,0.0
160440,0.0,0.0,1.0,0.0,0.0,0.0,0.0
160528,0.0,0.0,0.0,0.0,0.0,0.0,0.0
160529,0.0,0.0,1.0,0.0,0.0,0.0,0.0
160536,0.0,0.0,0.0,0.0,0.0,0.0,0.0
160538,0.0,0.0,1.0,0.0,0.0,0.0,0.0
160539,0.0,0.0,0.0,0.0,0.0,0.0,0.0
160541,0.0,0.0,1.0,0.0,0.0,0.0,0.0
160550,0.0,0.0,0.0,0.0,0.0,0.0,0.0
160552,0.0,0.0,1.0,0.0,0.0,0.0,0.0
160567,0.0,0.0,1.0,0.0,1.0,0.0,0.0
160568,0.0,0.0,1.0,0.0,0.0,0.0,0.0
160569,0.0,0.0,1.0,0.0,1.0,0.0,0.0
160572,0.0,0.0,1.0,0.0,0.0,0.0,0.0
161200,0.0,0.0,0.0,0.0,0.0,0.0,0.0
161202,0.0,0.0,1.0,0.0,0.0,0.0,0.0
161207,0.0,0.0,1.0,1.0,0.0,0.0,0.0
161209,0.0,0.0,1.0,0.0,0.0,0.0,0.0
161366,0.0,0.0,0.0,0.0,0.0,0.0,0.0
161383,0.0,0.0,1.0,0.0,0.0,0.0,0.0
161384,0.0,0.0,0.0,0.0,0.0,0.0,0.0
161385,0.0,0.0,1.0,0.0,0.0,0.0,0.0
161388,0.0,0.0,0.0,0.0,0.0,0.0,0.0
161804,0.0,0.0,0.0,0.0,1.0,0.0,0.0
161805,0.0,0.0,0.0,0.0,0.0,0.0,0.0
161808,0.0,0.0,0.0,0.0,1.0,0.0,0.0
161809,0.0,0.0,0.0,0.0,0.0,0.0,0.0
163900,0.0,0.0,0.0,0.0,1.0,0.0,0.0
163901,0.0,0.0,0.0,0.0,0.0,0.0,0.0
165369,0.0,0.0,0.0,1.0,0.0,0.0,0.0
165371,0.0,0.0,0.0,2.0,0.0,1.0,0.0
165372,0.0,0.0,0.0,0.0,0.0,0.0,0.0
165720,0.0,0.0,1.0,0.0,0.0,0.0,0.0
165721,0.0,0.0,0.0,0.0,0.0,0.0,0.0
165808,0.0,0.0,1.0,0.0,0.0,0.0,0.0
165809,0.0,0.0,0.0,0.0,0.0,0.0,0.0
165812,0.0,0.0,1.0,0.0,0.0,0.0,0.0
165814,0.0,0.0,0.0,0.0,0.0,0.0,0.0
165815,0.0,0.0,1.0,0.0,0.0,0.0,0.0
165819,0.0,0.0,0.0,0.0,0.0,0.0,0.0
165820,0.0,0.0,1.0,0.0,0.0,0.0,0.0
165884,0.0,0.0,0.0,0.0,0.0,0.0,0.0
165885,0.0,0.0,1.0,0.0,0.0,0.0,0.0
165888,0.0,0.0,0.0,0.0,0.0,0.0,0.0
165895,0.0,0.0,1.0,0.0,0.0,0.0,0.0
165897,0.0,0.0,0.0,0.0,0.0,0.0,0.0
165899,0.0,0.0,1.0,0.0,0.0,0.0,0.0
165916,0.0,0.0,0.0,0.0,0.0,0.0,0.0
165920,0.0,0.0,1.0,0.0,0.0,0.0,0.0
165921,0.0,0.0,0.0,0.0,0.0,0.0,0.0
166092,0.0,0.0,1.0,0.0,0.0,0.0,0.0
166114,0.0,0.0,0.0,0.0,0.0,0.0,0.0
166117,0.0,0.0,1.0,0.0,0.0,0.0,0.0
166119,0.0,0.0,0.0,0.0,0.0,0.0,0.0
166120,0.0,0.0,1.0,0.0,0.0,0.0,0.0
166128,0.0,0.0,0.0,0.0,0.0,0.0,0.0
166140,0.0,0.0,1.0,0.0,0.0,0.0,0.0
166147,0.0,0.0,0.0,0.0,0.0,0.0,0.0
166148,0.0,0.0,1.0,0.0,0.0,0.0,0.0
166160,0.0,0.0,0.0,0.0,0.0,0.0,0.0
166162,0.0,0.0,1.0,0.0,0.0,0.0,0.0
166165,0.0,0.0,0.0,0.0,0.0,0.0,0.0
166273,0.0,0.0,0.0,0.0,1.0,0.0,0.0
166274,0.0,0.0,0.0,0.0,0.0,0.0,0.0
167000,0.0,0.0,0.0,0.0,0.0,0.0,1.0
167001,0.0,0.0,0.0,0.0,0.0,0.0,0.0
167305,0.0,0.0,0.0,0.0,1.0,0.0,0.0
167306,0.0,0.0,0.0,0.0,0.0,0.0,0.0
167307,0.0,0.0,0.0,0.0,1.0,0.0,0.0
167310,0.0,0.0,0.0,0.0,0.0,0.0,0.0
167312,0.0,0.0,0.0,0.0,1.0,0.0,0.0
167313,0.0,0.0,0.0,0.0,0.0,0.0,0.0
168195,0.0,0.0,0.0,0.0,1.0,0.0,0.0
168196,0.0,0.0,0.0,0.0,0.0,0.0,0.0
168197,0.0,0.0,0.0,0.0,1.0,0.0,0.0
168201,0.0,0.0,0.0,0.0,0.0,0.0,0.0
168202,0.0,0.0,0.0,0.0,1.0,0.0,0.0
168203,0.0,0.0,0.0,0.0,0.0,0.0,0.0
168204,0.0,0.0,0.0,0.0,1.0,0.0,0.0
168206,0.0,0.0,0.0,0.0,0.0,0.0,0.0
168250,0.0,0.0,0.0,0.0,1.0,0.0,0.0
168251,0.0,0.0,0.0,0.0,0.0,0.0,0.0
168252,0.0,0.0,0.0,0.0,1.0,0.0,0.0
168253,0.0,0.0,0.0,0.0,0.0,0.0,0.0
168625,0.0,0.0,0.0,0.0,1.0,0.0,0.0
168627,0.0,0.0,0.0,0.0,0.0,0.0,0.0
168633,0.0,0.0,0.0,0.0,1.0,0.0,0.0
168634,0.0,0.0,0.0,0.0,0.0,0.0,0.0
168635,0.0,0.0,0.0,0.0,1.0,0.0,0.0
168637,0.0,0.0,0.0,0.0,0.0,0.0,0.0
168673,0.0,0.0,1.0,0.0,0.0,0.0,0.0
168674,0.0,0.0,0.0,0.0,0.0,0.0,0.0
168675,0.0,0.0,1.0,0.0,0.0,0.0,0.0
168678,0.0,0.0,0.0,0.0,0.0,0.0,0.0
168679,0.0,0.0,1.0,0.0,0.0,0.0,0.0
168683,0.0,0.0,0.0,0.0,0.0,0.0,0.0
168684,0.0,0.0,1.0,0.0,0.0,0.0,0.0
168687,0.0,0.0,0.0,0.0,0.0,0.0,0.0
168688,0.0,0.0,1.0,0.0,0.0,0.0,0.0
168696,0.0,0.0,0.0,0.0,0.0,0.0,0.0
168697,0.0,0.0,1.0,0.0,0.0,0.0,0.0
168701,0.0,0.0,0.0,0.0,0.0,0.0,0.0
168798,0.0,0.0,1.0,0.0,0.0,0.0,0.0
168800,0.0,0.0,0.0,0.0,0.0,0.0,0.0
168803,0.0,0.0,1.0,0.0,0.0,0.0,0.0
168805,0.0,0.0,0.0,0.0,0.0,0.0,0.0
168808,0.0,0.0,1.0,0.0,0.0,0.0,0.0
168854,0.0,0.0,0.0,0.0,0.0,0.0,0.0
168924,0.0,0.0,1.0,0.0,0.0,0.0,0.0
168927,0.0,0.0,0.0,0.0,0.0,0.0,0.0
168929,0.0,0.0,1.0,0.0,0.0,0.0,0.0
168931,0.0,0.0,0.0,0.0,0.0,0.0,0.0
168932,0.0,0.0,1.0,0.0,0.0,0.0,0.0
168950,0.0,0.0,1.0,0.0,1.0,0.0,0.0
168951,0.0,0.0,1.0,0.0,0.0,0.0,0.0
168952,0.0,0.0,1.0,0.0,1.0,0.0,0.0
168953,0.0,0.0,1.0,0.0,0.0,0.0,0.0
168979,0.0,2.0,1.0,0.0,0.0,0.0,0.0
168980,0.0,0.0,1.0,0.0,1.0,0.0,0.0
168981,0.0,0.0,1.0,0.0,2.0,0.0,0.0
168982,0.0,0.0,1.0,0.0,0.0,0.0,0.0
169254,0.0,0.0,1.0,0.0,1.0,0.0,0.0
169255,0.0,0.0,1.0,0.0,0.0,0.0,0.0
169509,0.0,0.0,1.0,1.0,0.0,1.0,0.0
169510,0.0,0.0,0.0,0.0,0.0,0.0,0.0
169888,0.0,0.0,1.0,0.0,0.0,0.0,0.0
169946,0.0,0.0,0.0,0.0,0.0,0.0,0.0
169948,0.0,0.0,1.0,0.0,0.0,0.0,0.0
169974,0.0,0.0,0.0,0.0,0.0,0.0,0.0
169977,0.0,0.0,1.0,0.0,0.0,0.0,0.0
169985,0.0,0.0,0.0,0.0,0.0,0.0,0.0
169986,0.0,0.0,1.0,0.0,0.0,0.0,0.0
169989,0.0,0.0,0.0,0.0,0.0,0.0,0.0
170184,0.0,0.0,0.0,0.0,1.0,0.0,0.0
170186,0.0,0.0,0.0,0.0,0.0,0.0,0.0
170198,0.0,0.0,0.0,0.0,1.0,0.0,0.0
170199,0.0,0.0,0.0,0.0,0.0,0.0,0.0
170317,0.0,0.0,1.0,0.0,0.0,0.0,0.0
170320,0.0,0.0,1.0,0.0,1.0,0.0,0.0
170321,0.0,0.0,1.0,0.0,0.0,0.0,0.0
170328,0.0,0.0,0.0,0.0,0.0,0.0,0.0
170329,0.0,0.0,1.0,0.0,0.0,0.0,0.0
170332,0.0,0.0,0.0,0.0,0.0,0.0,0.0
170376,0.0,0.0,1.0,0.0,0.0,0.0,0.0
170379,0.0,0.0,1.0,0.0,1.0,0.0,0.0
170380,0.0,0.0,1.0,0.0,0.0,0.0,0.0
170384,0.0,0.0,1.0,0.0,1.0,0.0,0.0
170385,0.0,0.0,1.0,0.0,0.0,0.0,0.0
170526,0.0,0.0,0.0,0.0,0.0,0.0,0.0
170538,0.0,0.0,1.0,0.0,0.0,0.0,0.0
170752,0.0,0.0,1.0,0.0,1.0,0.0,0.0
170753,0.0,0.0,1.0,0.0,0.0,0.0,0.0
170897,0.0,0.0,1.0,0.0,1.0,0.0,0.0
170898,0.0,0.0,1.0,0.0,0.0,0.0,0.0
171806,0.0,0.0,1.0,0.0,1.0,0.0,0.0
171809,0.0,0.0,1.0,0.0,0.0,0.0,0.0
171810,0.0,0.0,1.0,0.0,1.0,0.0,0.0
171811,0.0,0.0,1.0,0.0,0.0,0.0,0.0
171962,0.0,0.0,1.0,0.0,1.0,0.0,0.0
171963,0.0,0.0,1.0,0.0,0.0,0.0,0.0
172330,0.0,0.0,1.0,0.0,1.0,0.0,0.0
172331,0.0,0.0,1.0,0.0,0.0,0.0,0.0
172347,0.0,0.0,1.0,0.0,1.0,0.0,0.0
172349,0.0,0.0,1.0,0.0,0.0,0.0,0.0
172350,0.0,0.0,1.0,0.0,1.0,0.0,0.0
172360,0.0,0.0,1.0,0.0,0.0,0.0,0.0
172361,0.0,0.0,1.0,0.0,1.0,0.0,0.0
172362,0.0,0.0,1.0,0.0,0.0,0.0,0.0
172368,0.0,0.0,1.0,0.0,1.0,0.0,0.0
172369,0.0,0.0,1.0,0.0,0.0,0.0,0.0
172373,0.0,0.0,1.0,0.0,1.0,0.0,0.0
172376,0.0,0.0,1.0,0.0,0.0,0.0,0.0
172377,0.0,0.0,1.0,0.0,1.0,0.0,0.0
172379,0.0,0.0,1.0,0.0,0.0,0.0,0.0
173031,0.0,0.0,1.0,0.0,1.0,0.0,0.0
173032,0.0,0.0,1.0,0.0,0.0,0.0,0.0
173033,0.0,0.0,1.0,0.0,1.0,0.0,0.0
173034,0.0,0.0,1.0,0.0,0.0,0.0,0.0
173245,0.0,0.0,1.0,0.0,1.0,0.0,0.0
173246,0.0,0.0,1.0,0.0,0.0,0.0,0.0
173343,0.0,0.0,1.0,0.0,1.0,0.0,0.0
173344,0.0,0.0,1.0,0.0,0.0,0.0,0.0
173345,0.0,0.0,1.0,0.0,1.0,0.0,0.0
173346,0.0,0.0,1.0,0.0,0.0,0.0,0.0
173824,0.0,0.0,0.0,0.0,0.0,0.0,0.0
173825,0.0,0.0,1.0,0.0,0.0,0.0,0.0
173828,0.0,0.0,0.0,0.0,0.0,0.0,0.0
175926,0.0,0.0,0.0,0.0,1.0,0.0,0.0
175927,0.0,0.0,0.0,0.0,0.0,0.0,0.0
176778,0.0,0.0,0.0,0.0,1.0,0.0,0.0
176779,0.0,0.0,0.0,0.0,0.0,0.0,0.0
178236,0.0,0.0,0.0,0.0,1.0,0.0,0.0
178237,0.0,0.0,0.0,0.0,0.0,0.0,0.0
178256,0.0,0.0,0.0,0.0,1.0,0.0,0.0
178257,0.0,0.0,0.0,0.0,0.0,0.0,0.0
179000,0.0,0.0,0.0,0.0,0.0,0.0,1.0
179001,0.0,0.0,0.0,0.0,0.0,0.0,0.0
179224,0.0,0.0,0.0,0.0,1.0,0.0,0.0
179225,0.0,0.0,0.0,0.0,0.0,0.0,0.0
179862,0.0,0.0,0.0,0.0,1.0,0.0,0.0
179863,0.0,0.0,0.0,0.0,0.0,0.0,0.0
179864,0.0,0.0,0.0,0.0,1.0,0.0,0.0
179865,0.0,0.0,0.0,0.0,0.0,0.0,0.0
179887,0.0,0.0,0.0,0.0,1.0,0.0,0.0
179888,0.0,0.0,0.0,0.0,0.0,0.0,0.0
179889,0.0,0.0,0.0,0.0,1.0,0.0,0.0
179892,0.0,0.0,0.0,0.0,0.0,0.0,0.0
179894,0.0,0.0,0.0,0.0,1.0,0.0,0.0
179895,0.0,0.0,0.0,0.0,0.0,0.0,0.0
180740,0.0,0.0,0.0,1.0,0.0,0.0,0.0
180741,0.0,0.0,0.0,0.0,0.0,0.0,0.0
180742,0.0,0.0,0.0,1.0,0.0,0.0,0.0
180771,0.0,0.0,0.0,0.0,0.0,0.0,0.0
180772,0.0,0.0,0.0,1.0,0.0,0.0,0.0
180775,0.0,0.0,0.0,0.0,0.0,0.0,0.0
180778,0.0,0.0,0.0,1.0,0.0,0.0,0.0
180801,0.0,0.0,0.0,0.0,0.0,0.0,0.0
180894,0.0,0.0,0.0,1.0,0.0,0.0,0.0
180895,0.0,0.0,0.0,0.0,0.0,0.0,0.0
180898,0.0,0.0,0.0,1.0,0.0,0.0,0.0
180912,0.0,0.0,0.0,0.0,0.0,0.0,0.0
180914,0.0,0.0,0.0,1.0,0.0,0.0,0.0
180938,0.0,0.0,0.0,1.0,1.0,0.0,0.0
180940,0.0,0.0,0.0,1.0,0.0,0.0,0.0
181069,0.0,0.0,0.0,2.0,0.0,1.0,0.0
181070,0.0,0.0,0.0,0.0,0.0,0.0,0.0
181109,0.0,0.0,1.0,0.0,0.0,0.0,0.0
181110,0.0,0.0,0.0,0.0,0.0,0.0,0.0
181117,0.0,0.0,1.0,0.0,0.0,0.0,0.0
181118,0.0,0.0,0.0,0.0,0.0,0.0,0.0
181120,0.0,0.0,1.0,0.0,0.0,0.0,0.0
181122,0.0,0.0,0.0,0.0,0.0,0.0,0.0
181125,0.0,0.0,1.0,0.0,0.0,0.0,0.0
181138,0.0,0.0,0.0,0.0,0.0,0.0,0.0
181141,0.0,0.0,1.0,0.0,0.0,0.0,0.0
181146,0.0,0.0,0.0,0.0,0.0,0.0,0.0
181151,0.0,0.0,1.0,0.0,0.0,0.0,0.0
181153,0.0,0.0,0.0,0.0,0.0,0.0,0.0
181585,0.0,0.0,0.0,0.0,1.0,0.0,0.0
181586,0.0,0.0,0.0,0.0,0.0,0.0,0.0
181587,0.0,0.0,0.0,0.0,1.0,0.0,0.0
181588,0.0,0.0,0.0,0.0,0.0,0.0,0.0
181852,0.0,0.0,0.0,0.0,1.0,0.0,0.0
181853,0.0,0.0,0.0,0.0,0.0,0.0,0.0
181854,0.0,0.0,0.0,0.0,1.0,0.0,0.0
181860,0.0,0.0,0.0,0.0,0.0,0.0,0.0
181861,0.0,0.0,0.0,0.0,1.0,0.0,0.0
181863,0.0,0.0,0.0,0.0,0.0,0.0,0.0
181866,0.0,0.0,0.0,0.0,1.0,0.0,0.0
181876,0.0,0.0,0.0,0.0,0.0,0.0,0.0
181878,0.0,0.0,0.0,0.0,1.0,0.0,0.0
181879,0.0,0.0,0.0,0.0,0.0,0.0,0.0
184209,0.0,0.0,0.0,0.0,1.0,0.0,0.0
184210,0.0,0.0,0.0,0.0,0.0,0.0,0.0
184211,0.0,0.0,0.0,0.0,1.0,0.0,0.0
184215,0.0,0.0,0.0,0.0,0.0,0.0,0.0
184216,0.0,0.0,0.0,0.0,1.0,0.0,0.0
184218,0.0,0.0,0.0,0.0,2.0,0.0,0.0
184219,0.0,0.0,0.0,0.0,0.0,0.0,0.0
190477,0.0,0.0,0.0,0.0,1.0,0.0,0.0
190479,0.0,0.0,0.0,0.0,0.0,0.0,0.0
191000,0.0,0.0,0.0,0.0,0.0,0.0,1.0
191001,0.0,0.0,0.0,0.0,0.0,0.0,0.0
192044,0.0,0.0,0.0,0.0,1.0,0.0,0.0
192049,0.0,0.0,0.0,0.0,0.0,0.0,0.0
192050,0.0,0.0,0.0,0.0,1.0,0.0,0.0
192052,0.0,0.0,0.0,0.0,0.0,0.0,0.0
192068,0.0,0.0,0.0,0.0,1.0,0.0,0.0
192074,0.0,0.0,0.0,1.0,1.0,0.0,0.0
192075,0.0,0.0,0.0,0.0,1.0,0.0,0.0
192076,0.0,0.0,0.0,0.0,0.0,0.0,0.0
192143,0.0,0.0,0.0,1.0,0.0,0.0,0.0
192144,0.0,0.0,0.0,1.0,1.0,0.0,0.0
192148,0.0,0.0,0.0,1.0,0.0,0.0,0.0
192149,0.0,0.0,0.0,1.0,1.0,0.0,0.0
192150,0.0,0.0,0.0,1.0,0.0,0.0,0.0
192155,0.0,0.0,0.0,0.0,0.0,0.0,0.0
192168,0.0,0.0,0.0,1.0,0.0,0.0,0.0
192173,0.0,0.0,0.0,0.0,0.0,0.0,0.0
192179,0.0,0.0,0.0,1.0,0.0,0.0,0.0
192180,0.0,0.0,0.0,0.0,0.0,0.0,0.0
192998,0.0,0.0,0.0,0.0,1.0,0.0,0.0
192999,0.0,0.0,0.0,0.0,0.0,0.0,0.0
193006,0.0,0.0,0.0,0.0,1.0,0.0,0.0
193008,0.0,0.0,0.0,0.0,2.0,0.0,0.0
193009,0.0,0.0,0.0,0.0,0.0,0.0,0.0
194161,0.0,0.0,0.0,0.0,1.0,0.0,0.0
194162,0.0,0.0,0.0,0.0,0.0,0.0,0.0
194164,0.0,0.0,0.0,0.0,1.0,0.0,0.0
194170,0.0,0.0,0.0,0.0,0.0,0.0,0.0
194186,0.0,0.0,0.0,0.0,1.0,0.0,0.0
194187,0.0,0.0,0.0,0.0,0.0,0.0,0.0
194350,0.0,0.0,0.0,1.0,0.0,0.0,0.0
194352,0.0,0.0,0.0,0.0,0.0,0.0,0.0
194354,0.0,0.0,0.0,1.0,0.0,0.0,0.0
194356,0.0,0.0,0.0,0.0,0.0,0.0,0.0
194357,0.0,0.0,0.0,1.0,0.0,0.0,0.0
194373,0.0,0.0,0.0,0.0,0.0,0.0,0.0
194374,0.0,0.0,0.0,1.0,0.0,0.0,0.0
194398,0.0,0.0,0.0,0.0,0.0,0.0,0.0
194404,0.0,0.0,0.0,1.0,0.0,0.0,0.0
194407,0.0,0.0,0.0,0.0,0.0,0.0,0.0
194410,0.0,0.0,0.0,1.0,0.0,0.0,0.0
194411,0.0,0.0,0.0,0.0,0.0,0.0,0.0
194417,0.0,0.0,0.0,1.0,0.0,0.0,0.0
194419,0.0,0.0,0.0,0.0,0.0,0.0,0.0
194420,0.0,0.0,0.0,1.0,0.0,0.0,0.0
194424,0.0,0.0,0.0,0.0,0.0,0.0,0.0
194427,0.0,0.0,0.0,1.0,0.0,0.0,0.0
194428,0.0,0.0,0.0,0.0,0.0,0.0,0.0
194448,0.0,0.0,0.0,1.0,0.0,0.0,0.0
194449,0.0,0.0,0.0,0.0,0.0,0.0,0.0
194450,0.0,0.0,0.0,1.0,0.0,0.0,0.0
194461,0.0,0.0,0.0,0.0,0.0,0.0,0.0
194465,0.0,0.0,0.0,1.0,0.0,0.0,0.0
194466,0.0,0.0,0.0,0.0,0.0,0.0,0.0
194532,0.0,0.0,0.0,1.0,0.0,0.0,0.0
194579,0.0,2.0,0.0,1.0,0.0,1.0,0.0
194580,0.0,0.0,0.0,0.0,0.0,0.0,0.0
195092,0.0,0.0,0.0,0.0,1.0,0.0,0.0
195093,0.0,0.0,0.0,0.0,0.0,0.0,0.0
195126,0.0,0.0,0.0,0.0,1.0,0.0,0.0
195127,0.0,0.0,0.0,0.0,0.0,0.0,0.0
195441,0.0,0.0,0.0,0.0,1.0,0.0,0.0
195442,0.0,0.0,0.0,0.0,0.0,0.0,0.0
195460,0.0,0.0,0.0,0.0,1.0,0.0,0.0
195461,0.0,0.0,0.0,0.0,0.0,0.0,0.0
195462,0.0,0.0,0.0,0.0,1.0,0.0,0.0
195463,0.0,0.0,0.0,0.0,0.0,0.0,0.0
195464,0.0,0.0,0.0,0.0,1.0,0.0,0.0
195465,0.0,0.0,0.0,0.0,0.0,0.0,0.0
195477,0.0,0.0,0.0,0.0,1.0,0.0,0.0
195478,0.0,0.0,0.0,0.0,0.0,0.0,0.0
195564,0.0,0.0,0.0,0.0,1.0,0.0,0.0
195565,0.0,0.0,0.0,1.0,2.0,0.0,0.0
195566,0.0,0.0,0.0,0.0,0.0,0.0,0.0
195567,0.0,0.0,0.0,1.0,0.0,0.0,0.0
195568,0.0,0.0,0.0,0.0,0.0,0.0,0.0
196990,0.0,0.0,0.0,0.0,1.0,0.0,0.0
196991,0.0,0.0,0.0,0.0,0.0,0.0,0.0
201913,0.0,0.0,0.0,0.0,1.0,0.0,0.0
201914,0.0,0.0,0.0,0.0,0.0,0.0,0.0
202683,0.0,0.0,0.0,0.0,1.0,0.0,0.0
202684,0.0,0.0,0.0,0.0,0.0,0.0,0.0
202685,0.0,0.0,0.0,0.0,1.0,0.0,0.0
202686,0.0,0.0,0.0,0.0,0.0,0.0,0.0
202687,0.0,0.0,0.0,0.0,1.0,0.0,0.0
202689,0.0,0.0,0.0,0.0,0.0,0.0,0.0
203000,0.0,0.0,0.0,0.0,0.0,0.0,1.0
203001,0.0,0.0,0.0,0.0,0.0,0.0,0.0
203895,0.0,0.0,0.0,0.0,1.0,0.0,0.0
203896,0.0,0.0,0.0,0.0,0.0,0.0,0.0
203900,0.0,0.0,0.0,0.0,1.0,0.0,0.0
203901,0.0,0.0,0.0,0.0,0.0,0.0,0.0
203902,0.0,0.0,0.0,0.0,1.0,0.0,0.0
203903,0.0,0.0,0.0,0.0,0.0,0.0,0.0
203904,0.0,0.0,0.0,0.0,1.0,0.0,0.0
203906,0.0,0.0,0.0,0.0,0.0,0.0,0.0
203907,0.0,0.0,0.0,0.0,1.0,0.0,0.0
203908,0.0,0.0,0.0,0.0,0.0,0.0,0.0
203910,0.0,0.0,0.0,0.0,1.0,0.0,0.0
203911,0.0,0.0,0.0,0.0,0.0,0.0,0.0
203915,0.0,0.0,0.0,0.0,1.0,0.0,0.0
203916,0.0,0.0,0.0,0.0,0.0,0.0,0.0
203920,0.0,0.0,0.0,0.0,1.0,0.0,0.0
203923,0.0,0.0,0.0,0.0,0.0,0.0,0.0
203993,0.0,0.0,0.0,0.0,1.0,0.0,0.0
203994,0.0,0.0,0.0,0.0,0.0,0.0,0.0
203995,0.0,0.0,0.0,0.0,1.0,0.0,0.0
203996,0.0,0.0,0.0,0.0,0.0,0.0,0.0
203998,0.0,0.0,0.0,0.0,1.0,0.0,0.0
203999,0.0,0.0,0.0,0.0,0.0,0.0,0.0
204009,0.0,0.0,0.0,0.0,1.0,0.0,0.0
204010,0.0,0.0,0.0,0.0,0.0,0.0,0.0
204054,0.0,0.0,0.0,1.0,0.0,0.0,0.0
204055,0.0,0.0,0.0,0.0,0.0,0.0,0.0
204089,0.0,0.0,0.0,1.0,0.0,0.0,0.0
204090,0.0,0.0,0.0,0.0,0.0,0.0,0.0
204092,0.0,0.0,0.0,1.0,0.0,0.0,0.0
204093,0.0,0.0,0.0,0.0,0.0,0.0,0.0
204104,0.0,0.0,0.0,1.0,0.0,0.0,0.0
204109,0.0,0.0,0.0,0.0,0.0,0.0,0.0
204112,0.0,0.0,0.0,1.0,0.0,0.0,0.0
204113,0.0,0.0,0.0,0.0,0.0,0.0,0.0
204123,0.0,0.0,0.0,1.0,0.0,0.0,0.0
204124,0.0,0.0,0.0,0.0,0.0,0.0,0.0
204127,0.0,0.0,0.0,1.0,0.0,0.0,0.0
204128,0.0,0.0,0.0,0.0,0.0,0.0,0.0
204734,0.0,0.0,0.0,0.0,1.0,0.0,0.0
204738,0.0,0.0,0.0,0.0,0.0,0.0,0.0
204841,0.0,0.0,0.0,0.0,1.0,0.0,0.0
204844,0.0,0.0,0.0,0.0,0.0,0.0,0.0
205062,0.0,0.0,1.0,0.0,0.0,0.0,0.0
205065,0.0,0.0,1.0,0.0,1.0,0.0,0.0
205066,0.0,0.0,1.0,0.0,0.0,0.0,0.0
205067,0.0,0.0,1.0,0.0,1.0,0.0,0.0
205068,0.0,0.0,1.0,0.0,0.0,0.0,0.0
205075,0.0,0.0,1.0,0.0,1.0,0.0,0.0
205078,0.0,0.0,1.0,0.0,0.0,0.0,0.0
205083,0.0,0.0,1.0,0.0,1.0,0.0,0.0
205087,0.0,0.0,1.0,0.0,2.0,0.0,0.0
205088,0.0,0.0,1.0,0.0,0.0,0.0,0.0
205274,0.0,0.0,1.0,1.0,0.0,0.0,0.0
205275,0.0,0.0,1.0,0.0,0.0,0.0,0.0
205352,0.0,2.0,1.0,1.0,0.0,1.0,0.0
205353,0.0,0.0,0.0,0.0,0.0,0.0,0.0
205394,0.0,0.0,1.0,0.0,0.0,0.0,0.0
205395,0.0,0.0,0.0,0.0,0.0,0.0,0.0
206430,0.0,0.0,0.0,0.0,1.0,0.0,0.0
206433,0.0,0.0,0.0,0.0,0.0,0.0,0.0
206434,0.0,0.0,0.0,0.0,1.0,0.0,0.0
206436,0.0,0.0,0.0,0.0,2.0,0.0,0.0
206437,0.0,0.0,0.0,0.0,0.0,0.0,0.0
207302,0.0,0.0,1.0,0.0,0.0,0.0,0.0
207303,0.0,0.0,0.0,0.0,0.0,0.0,0.0
207305,0.0,0.0,1.0,0.0,0.0,0.0,0.0
207306,0.0,0.0,0.0,0.0,0.0,0.0,0.0
207309,0.0,0.0,1.0,0.0,0.0,0.0,0.0
207310,0.0,0.0,0.0,0.0,0.0,0.0,0.0
207313,0.0,0.0,1.0,0.0,0.0,0.0,0.0
207314,0.0,0.0,0.0,0.0,0.0,0.0,0.0
207333,0.0,0.0,1.0,0.0,0.0,0.0,0.0
207334,0.0,0.0,0.0,0.0,0.0,0.0,0.0
207335,0.0,0.0,1.0,0.0,0.0,0.0,0.0
207463,0.0,0.0,0.0,0.0,0.0,0.0,0.0
207474,0.0,0.0,1.0,0.0,0.0,0.0,0.0
207475,0.0,0.0,0.0,0.0,0.0,0.0,0.0
207476,0.0,0.0,1.0,0.0,0.0,0.0,0.0
207482,0.0,0.0,0.0,0.0,0.0,0.0,0.0
207483,0.0,0.0,1.0,0.0,0.0,0.0,0.0
207494,0.0,0.0,0.0,0.0,0.0,0.0,0.0
207495,0.0,0.0,1.0,0.0,0.0,0.0,0.0
207498,0.0,0.0,0.0,0.0,0.0,0.0,0.0
207499,0.0,0.0,1.0,0.0,0.0,0.0,0.0
208185,0.0,0.0,1.0,0.0,1.0,0.0,0.0
208186,0.0,0.0,1.0,0.0,0.0,0.0,0.0
209835,0.0,0.0,0.0,0.0,0.0,0.0,0.0
209838,0.0,0.0,1.0,0.0,0.0,0.0,0.0
209839,0.0,0.0,0.0,0.0,0.0,0.0,0.0
209841,0.0,0.0,1.0,0.0,0.0,0.0,0.0
209878,0.0,0.0,0.0,0.0,0.0,0.0,0.0
209879,0.0,0.0,1.0,0.0,0.0,0.0,0.0
209894,0.0,0.0,0.0,0.0,0.0,0.0,0.0
213097,0.0,0.0,0.0,0.0,1.0,0.0,0.0
213098,0.0,0.0,0.0,0.0,0.0,0.0,0.0
213863,0.0,0.0,0.0,0.0,1.0,0.0,0.0
213866,0.0,0.0,0.0,0.0,0.0,0.0,0.0
213944,0.0,0.0,0.0,0.0,1.0,0.0,0.0
213947,0.0,0.0,0.0,0.0,0.0,0.0,0.0
215000,0.0,0.0,0.0,0.0,0.0,0.0,1.0
215001,0.0,0.0,0.0,0.0,0.0,0.0,0.0
215740,0.0,0.0,0.0,0.0,1.0,0.0,0.0
215741,0.0,0.0,0.0,0.0,0.0,0.0,0.0
215742,0.0,0.0,0.0,0.0,1.0,0.0,0.0
215743,0.0,0.0,0.0,0.0,0.0,0.0,0.0
216676,0.0,0.0,0.0,0.0,1.0,0.0,0.0
216677,0.0,0.0,0.0,0.0,0.0,0.0,0.0
216861,0.0,0.0,0.0,1.0,0.0,0.0,0.0
216862,0.0,0.0,0.0,0.0,0.0,0.0,0.0
216865,0.0,0.0,0.0,1.0,0.0,0.0,0.0
216879,0.0,0.0,0.0,0.0,0.0,0.0,0.0
216880,0.0,0.0,0.0,1.0,0.0,0.0,0.0
216883,0.0,0.0,0.0,0.0,0.0,0.0,0.0
216884,0.0,0.0,0.0,1.0,0.0,0.0,0.0
216887,0.0,0.0,0.0,0.0,0.0,0.0,0.0
216888,0.0,0.0,0.0,1.0,0.0,0.0,0.0
216891,0.0,0.0,0.0,0.0,0.0,0.0,0.0
216893,0.0,0.0,0.0,1.0,0.0,0.0,0.0
216896,0.0,0.0,0.0,0.0,0.0,0.0,0.0
216897,0.0,0.0,0.0,1.0,0.0,0.0,0.0
216908,0.0,0.0,0.0,0.0,0.0,0.0,0.0
216909,0.0,0.0,0.0,1.0,0.0,0.0,0.0
216966,0.0,0.0,0.0,0.0,0.0,0.0,0.0
216973,0.0,0.0,0.0,1.0,0.0,0.0,0.0
216975,0.0,0.0,0.0,0.0,0.0,0.0,0.0
216976,0.0,0.0,0.0,1.0,0.0,0.0,0.0
216991,0.0,0.0,0.0,0.0,0.0,0.0,0.0
216998,0.0,0.0,0.0,1.0,0.0,0.0,0.0
217000,0.0,0.0,0.0,0.0,0.0,0.0,0.0
217002,0.0,0.0,0.0,1.0,0.0,0.0,0.0
217004,0.0,0.0,0.0,0.0,0.0,0.0,0.0
217006,0.0,0.0,0.0,1.0,0.0,0.0,0.0
217008,0.0,0.0,0.0,0.0,0.0,0.0,0.0
217018,0.0,0.0,0.0,1.0,0.0,0.0,0.0
217021,0.0,0.0,0.0,0.0,0.0,0.0,0.0
217426,0.0,0.0,0.0,0.0,1.0,0.0,0.0
217429,0.0,0.0,0.0,0.0,0.0,0.0,0.0
217961,0.0,0.0,0.0,1.0,0.0,0.0,0.0
217962,0.0,0.0,0.0,0.0,0.0,0.0,0.0
217982,0.0,0.0,0.0,1.0,0.0,0.0,0.0
217983,0.0,0.0,0.0,0.0,0.0,0.0,0.0
217984,0.0,0.0,1.0,1.0,0.0,0.0,0.0
218003,0.0,0.0,0.0,1.0,0.0,0.0,0.0
218004,0.0,0.0,0.0,0.0,0.0,0.0,0.0
218023,0.0,0.0,1.0,1.0,0.0,0.0,0.0
218024,0.0,0.0,0.0,1.0,0.0,0.0,0.0
218025,0.0,0.0,0.0,0.0,0.0,0.0,0.0
218028,0.0,0.0,1.0,1.0,0.0,0.0,0.0
218029,0.0,0.0,0.0,0.0,0.0,0.0,0.0
218037,0.0,0.0,0.0,1.0,0.0,0.0,0.0
218038,0.0,0.0,0.0,0.0,0.0,0.0,0.0
218044,0.0,0.0,1.0,1.0,0.0,0.0,0.0
218046,0.0,0.0,0.0,0.0,0.0,0.0,0.0
218047,0.0,0.0,1.0,1.0,0.0,0.0,0.0
218071,0.0,0.0,0.0,0.0,0.0,0.0,0.0
218130,0.0,0.0,1.0,1.0,0.0,0.0,0.0
218131,0.0,0.0,0.0,0.0,0.0,0.0,0.0
218132,0.0,0.0,1.0,1.0,0.0,0.0,0.0
218165,0.0,0.0,1.0,1.0,1.0,0.0,0.0
218166,0.0,0.0,1.0,1.0,0.0,0.0,0.0
218286,0.0,0.0,1.0,1.0,1.0,0.0,0.0
218287,0.0,0.0,1.0,1.0,0.0,0.0,0.0
218288,0.0,0.0,1.0,1.0,1.0,0.0,0.0
218289,0.0,0.0,1.0,1.0,0.0,0.0,0.0
218290,0.0,0.0,1.0,1.0,1.0,0.0,0.0
218291,0.0,0.0,1.0,1.0,0.0,0.0,0.0
218314,0.0,2.0,1.0,1.0,0.0,1.0,0.0
218315,0.0,0.0,0.0,0.0,0.0,0.0,0.0
218733,0.0,0.0,1.0,0.0,0.0,0.0,0.0
218734,0.0,0.0,0.0,0.0,0.0,0.0,0.0
218736,0.0,0.0,1.0,0.0,0.0,0.0,0.0
218738,0.0,0.0,0.0,0.0,0.0,0.0,0.0
218918,0.0,0.0,0.0,0.0,1.0,0.0,0.0
218920,0.0,0.0,0.0,0.0,2.0,0.0,0.0
218921,0.0,0.0,0.0,0.0,0.0,0.0,0.0
218946,0.0,0.0,1.0,0.0,0.0,0.0,0.0
218947,0.0,0.0,0.0,0.0,0.0,0.0,0.0
218949,0.0,0.0,1.0,0.0,0.0,0.0,0.0
218951,0.0,0.0,0.0,0.0,0.0,0.0,0.0
218952,0.0,0.0,1.0,0.0,0.0,0.0,0.0
219092,0.0,0.0,1.0,1.0,0.0,0.0,0.0
219093,0.0,0.0,1.0,0.0,0.0,0.0,0.0
219395,0.0,0.0,1.0,0.0,1.0,0.0,0.0
219396,0.0,0.0,1.0,0.0,0.0,0.0,0.0
219935,0.0,0.0,2.0,0.0,0.0,0.0,0.0
219936,0.0,0.0,0.0,0.0,0.0,0.0,0.0
220031,0.0,0.0,1.0,0.0,0.0,0.0,0.0
220032,0.0,0.0,0.0,0.0,0.0,0.0,0.0
220035,0.0,0.0,1.0,0.0,0.0,0.0,0.0
220037,0.0,0.0,0.0,0.0,0.0,0.0,0.0
220038,0.0,0.0,1.0,0.0,0.0,0.0,0.0
220041,0.0,0.0,0.0,0.0,0.0,0.0,0.0
220043,0.0,0.0,1.0,0.0,0.0,0.0,0.0
220092,0.0,0.0,2.0,0.0,0.0,0.0,0.0
220093,0.0,0.0,0.0,0.0,0.0,0.0,0.0
220201,0.0,0.0,1.0,0.0,0.0,0.0,0.0
220202,0.0,0.0,0.0,0.0,0.0,0.0,0.0
220204,0.0,0.0,1.0,0.0,0.0,0.0,0.0
220214,0.0,0.0,1.0,0.0,1.0,0.0,0.0
220215,0.0,0.0,1.0,0.0,0.0,0.0,0.0
220231,0.0,0.0,0.0,0.0,0.0,0.0,0.0
220246,0.0,0.0,1.0,0.0,0.0,0.0,0.0
220248,0.0,0.0,0.0,0.0,0.0,0.0,0.0
220261,0.0,0.0,1.0,0.0,0.0,0.0,0.0
220262,0.0,0.0,0.0,0.0,0.0,0.0,0.0
220354,0.0,0.0,1.0,0.0,0.0,0.0,0.0
220355,0.0,0.0,0.0,0.0,0.0,0.0,0.0
220374,0.0,0.0,1.0,0.0,0.0,0.0,0.0
220376,0.0,0.0,0.0,0.0,0.0,0.0,0.0
220377,0.0,0.0,1.0,0.0,0.0,0.0,0.0
220386,0.0,0.0,0.0,0.0,0.0,0.0,0.0
222520,0.0,0.0,0.0,0.0,1.0,0.0,0.0
222521,0.0,0.0,0.0,0.0,0.0,0.0,0.0
222533,0.0,0.0,0.0,0.0,1.0,0.0,0.0
222534,0.0,0.0,0.0,0.0,0.0,0.0,0.0
222535,0.0,0.0,0.0,0.0,1.0,0.0,0.0
222536,0.0,0.0,0.0,0.0,0.0,0.0,0.0
222537,0.0,0.0,0.0,0.0,1.0,0.0,0.0
222538,0.0,0.0,0.0,0.0,0.0,0.0,0.0
225810,0.0,0.0,0.0,0.0,1.0,0.0,0.0
225816,0.0,0.0,0.0,0.0,0.0,0.0,0.0
225826,0.0,0.0,0.0,0.0,1.0,0.0,0.0
225830,0.0,0.0,0.0,0.0,0.0,0.0,0.0
227000,0.0,0.0,0.0,0.0,0.0,0.0,1.0
227001,0.0,0.0,0.0,0.0,0.0,0.0,0.0
227723,0.0,0.0,0.0,1.0,0.0,0.0,0.0
227724,0.0,0.0,0.0,0.0,0.0,0.0,0.0
227805,0.0,0.0,0.0,1.0,0.0,0.0,0.0
227807,0.0,0.0,0.0,0.0,0.0,0.0,0.0
227811,0.0,0.0,0.0,1.0,0.0,0.0,0.0
227814,0.0,0.0,0.0,0.0,0.0,0.0,0.0
227815,0.0,0.0,0.0,1.0,0.0,0.0,0.0
227832,0.0,0.0,0.0,0.0,0.0,0.0,0.0
227853,0.0,0.0,0.0,1.0,0.0,0.0,0.0
227855,0.0,0.0,0.0,0.0,0.0,0.0,0.0
227860,0.0,0.0,0.0,1.0,0.0,0.0,0.0
227862,0.0,0.0,0.0,0.0,0.0,0.0,0.0
227868,0.0,0.0,0.0,1.0,0.0,0.0,0.0
227870,0.0,0.0,0.0,0.0,0.0,0.0,0.0
228149,0.0,0.0,0.0,1.0,0.0,0.0,0.0
228150,0.0,0.0,0.0,0.0,0.0,0.0,0.0
228184,0.0,0.0,0.0,1.0,0.0,0.0,0.0
228187,0.0,0.0,0.0,0.0,0.0,0.0,0.0
228219,0.0,0.0,0.0,1.0,0.0,0.0,0.0
228220,0.0,0.0,0.0,0.0,0.0,0.0,0.0
228230,0.0,0.0,0.0,1.0,0.0,0.0,0.0
228237,0.0,0.0,0.0,0.0,0.0,0.0,0.0
228303,0.0,0.0,0.0,1.0,0.0,0.0,0.0
228304,0.0,0.0,0.0,0.0,0.0,0.0,0.0
228305,0.0,0.0,0.0,1.0,0.0,0.0,0.0
228308,0.0,0.0,0.0,0.0,0.0,0.0,0.0
228309,0.0,0.0,0.0,1.0,0.0,0.0,0.0
228312,0.0,0.0,0.0,0.0,0.0,0.0,0.0
228319,0.0,0.0,0.0,1.0,0.0,0.0,0.0
228320,0.0,0.0,0.0,0.0,0.0,0.0,0.0
228332,0.0,0.0,0.0,1.0,0.0,0.0,0.0
228333,0.0,0.0,0.0,0.0,0.0,0.0,0.0
228529,0.0,0.0,1.0,0.0,0.0,0.0,0.0
228530,0.0,0.0,0.0,0.0,0.0,0.0,0.0
228532,0.0,0.0,1.0,0.0,0.0,0.0,0.0
228533,0.0,0.0,1.0,1.0,0.0,0.0,0.0
228539,0.0,0.0,1.0,0.0,0.0,0.0,0.0
228544,0.0,0.0,0.0,0.0,0.0,0.0,0.0
228547,0.0,0.0,1.0,0.0,0.0,0.0,0.0
228549,0.0,0.0,1.0,1.0,0.0,0.0,0.0
228556,0.0,0.0,1.0,0.0,0.0,0.0,0.0
228558,0.0,0.0,1.0,1.0,0.0,0.0,0.0
228560,0.0,0.0,1.0,0.0,0.0,0.0,0.0
228564,0.0,0.0,1.0,1.0,0.0,0.0,0.0
228569,0.0,0.0,1.0,0.0,0.0,0.0,0.0
228570,0.0,0.0,1.0,1.0,0.0,0.0,0.0
228648,0.0,0.0,1.0,1.0,1.0,0.0,0.0
228649,0.0,0.0,1.0,1.0,0.0,0.0,0.0
229156,0.0,0.0,1.0,1.0,1.0,0.0,0.0
229157,0.0,0.0,1.0,2.0,1.0,1.0,0.0
229158,0.0,0.0,0.0,0.0,0.0,0.0,0.0
229214,0.0,0.0,1.0,0.0,0.0,0.0,0.0
229219,0.0,0.0,0.0,0.0,0.0,0.0,0.0
229221,0.0,0.0,1.0,0.0,0.0,0.0,0.0
229222,0.0,0.0,0.0,0.0,0.0,0.0,0.0
230521,0.0,0.0,0.0,0.0,1.0,0.0,0.0
230523,0.0,0.0,0.0,0.0,2.0,0.0,0.0
230524,0.0,0.0,0.0,0.0,0.0,0.0,0.0
231353,0.0,0.0,0.0,0.0,1.0,0.0,0.0
231354,0.0,0.0,0.0,0.0,0.0,0.0,0.0
231356,0.0,0.0,0.0,0.0,1.0,0.0,0.0
231359,0.0,0.0,0.0,0.0,0.0,0.0,0.0
231764,0.0,0.0,0.0,0.0,1.0,0.0,0.0
231765,0.0,0.0,0.0,0.0,2.0,0.0,0.0
231766,0.0,0.0,0.0,0.0,0.0,0.0,0.0
234873,0.0,0.0,0.0,1.0,0.0,0.0,0.0
234876,0.0,0.0,0.0,0.0,0.0,0.0,0.0
236735,0.0,0.0,0.0,0.0,1.0,0.0,0.0
236739,0.0,0.0,0.0,0.0,0.0,0.0,0.0
236741,0.0,0.0,0.0,0.0,1.0,0.0,0.0
236742,0.0,0.0,0.0,0.0,0.0,0.0,0.0
236761,0.0,0.0,0.0,0.0,1.0,0.0,0.0
236764,0.0,0.0,0.0,0.0,0.0,0.0,0.0
238307,0.0,0.0,0.0,0.0,1.0,0.0,0.0
238308,0.0,0.0,0.0,0.0,0.0,0.0,0.0
238309,0.0,0.0,0.0,0.0,1.0,0.0,0.0
238310,0.0,0.0,0.0,0.0,0.0,0.0,0.0
238311,0.0,0.0,0.0,0.0,1.0,0.0,0.0
238313,0.0,0.0,0.0,0.0,0.0,0.0,0.0
238536,0.0,0.0,0.0,0.0,1.0,0.0,0.0
238537,0.0,0.0,0.0,0.0,0.0,0.0,0.0
239000,0.0,0.0,0.0,0.0,0.0,0.0,1.0
239001,0.0,0.0,0.0,0.0,0.0,0.0,0.0
239697,0.0,0.0,0.0,0.0,1.0,0.0,0.0
239698,0.0,0.0,0.0,0.0,0.0,0.0,0.0
239968,0.0,0.0,0.0,0.0,1.0,0.0,0.0
239969,0.0,0.0,0.0,0.0,0.0,0.0,0.0
240052,0.0,0.0,0.0,0.0,1.0,0.0,0.0
240053,0.0,0.0,0.0,0.0,0.0,0.0,0.0
240199,0.0,0.0,0.0,0.0,1.0,0.0,0.0
240200,0.0,0.0,0.0,0.0,0.0,0.0,0.0
