,ADWIN,CUSUM,DDM,GeometricMovingAverage,HDDMAverage,HDDMWeighted,Ground-truth
111,0.0,0.0,1.0,0.0,0.0,0.0,0.0
611,0.0,0.0,0.0,0.0,0.0,0.0,0.0
734,0.0,0.0,0.0,0.0,0.0,1.0,0.0
1234,0.0,0.0,0.0,0.0,0.0,0.0,0.0
2083,0.0,0.0,0.0,0.0,0.0,1.0,0.0
2583,0.0,0.0,0.0,0.0,0.0,0.0,0.0
2855,0.0,0.0,0.0,0.0,0.0,1.0,0.0
3355,0.0,0.0,0.0,0.0,0.0,0.0,0.0
3537,0.0,0.0,0.0,0.0,0.0,1.0,0.0
4037,0.0,0.0,0.0,0.0,0.0,0.0,0.0
5311,0.0,0.0,0.0,0.0,0.0,1.0,0.0
5811,0.0,0.0,0.0,0.0,0.0,0.0,0.0
8749,0.0,0.0,0.0,0.0,0.0,1.0,0.0
8751,0.0,0.0,0.0,0.0,0.0,2.0,0.0
9251,0.0,0.0,0.0,0.0,0.0,0.0,0.0
9702,0.0,0.0,0.0,0.0,0.0,1.0,0.0
10202,0.0,0.0,0.0,0.0,0.0,0.0,0.0
11361,0.0,0.0,0.0,0.0,0.0,1.0,0.0
11861,0.0,0.0,0.0,0.0,0.0,0.0,0.0
11990,0.0,0.0,0.0,0.0,0.0,1.0,0.0
11992,0.0,0.0,0.0,0.0,0.0,2.0,0.0
12492,0.0,0.0,0.0,0.0,0.0,0.0,0.0
12863,0.0,0.0,0.0,0.0,0.0,1.0,0.0
12867,0.0,0.0,0.0,0.0,0.0,2.0,0.0
13367,0.0,0.0,0.0,0.0,0.0,0.0,0.0
15160,0.0,0.0,0.0,0.0,0.0,1.0,0.0
15561,0.0,0.0,0.0,0.0,0.0,2.0,0.0
16061,0.0,0.0,0.0,0.0,0.0,0.0,0.0
16177,0.0,0.0,0.0,0.0,0.0,1.0,0.0
16440,0.0,0.0,0.0,0.0,0.0,2.0,0.0
16940,0.0,0.0,0.0,0.0,0.0,0.0,0.0
17013,0.0,0.0,0.0,0.0,0.0,1.0,0.0
17513,0.0,0.0,0.0,0.0,0.0,0.0,0.0
17563,0.0,0.0,0.0,0.0,0.0,1.0,0.0
17594,0.0,0.0,0.0,0.0,0.0,2.0,0.0
18094,0.0,0.0,0.0,0.0,0.0,0.0,0.0
18902,0.0,0.0,0.0,0.0,0.0,1.0,0.0
18904,0.0,0.0,0.0,0.0,0.0,2.0,0.0
18954,0.0,0.0,0.0,0.0,1.0,2.0,0.0
19404,0.0,0.0,0.0,0.0,1.0,0.0,0.0
19454,0.0,0.0,0.0,0.0,0.0,0.0,0.0
19602,0.0,0.0,0.0,0.0,0.0,1.0,0.0
20102,0.0,0.0,0.0,0.0,0.0,0.0,0.0
20307,0.0,0.0,0.0,0.0,0.0,1.0,0.0
20383,0.0,0.0,0.0,0.0,0.0,2.0,0.0
20883,0.0,0.0,0.0,0.0,0.0,0.0,0.0
21328,0.0,0.0,0.0,0.0,0.0,1.0,0.0
21828,0.0,0.0,0.0,0.0,0.0,0.0,0.0
22472,0.0,0.0,0.0,0.0,0.0,1.0,0.0
22568,0.0,0.0,0.0,0.0,0.0,2.0,0.0
23068,0.0,0.0,0.0,0.0,0.0,0.0,0.0
23753,0.0,0.0,0.0,0.0,0.0,1.0,0.0
23779,0.0,0.0,0.0,0.0,0.0,2.0,0.0
24279,0.0,0.0,0.0,0.0,0.0,0.0,0.0
25609,0.0,0.0,0.0,0.0,0.0,1.0,0.0
25769,0.0,0.0,0.0,0.0,0.0,2.0,0.0
26269,0.0,0.0,0.0,0.0,0.0,0.0,0.0
26315,0.0,0.0,0.0,0.0,0.0,1.0,0.0
26321,0.0,0.0,0.0,0.0,0.0,2.0,0.0
26821,0.0,0.0,0.0,0.0,0.0,0.0,0.0
27716,0.0,0.0,0.0,0.0,0.0,1.0,0.0
28216,0.0,0.0,0.0,0.0,0.0,0.0,0.0
28445,0.0,0.0,0.0,0.0,1.0,1.0,0.0
28945,0.0,0.0,0.0,0.0,0.0,0.0,0.0
29099,0.0,0.0,0.0,0.0,0.0,1.0,0.0
29111,0.0,0.0,0.0,0.0,0.0,2.0,0.0
29611,0.0,0.0,0.0,0.0,0.0,0.0,0.0
30176,0.0,0.0,0.0,0.0,0.0,1.0,0.0
30676,0.0,0.0,0.0,0.0,0.0,0.0,0.0
30753,0.0,0.0,0.0,0.0,0.0,1.0,0.0
31253,0.0,0.0,0.0,0.0,0.0,0.0,0.0
31370,0.0,0.0,0.0,0.0,0.0,1.0,0.0
31730,0.0,0.0,0.0,0.0,0.0,2.0,0.0
32230,0.0,0.0,0.0,0.0,0.0,0.0,0.0
32308,0.0,0.0,0.0,0.0,0.0,1.0,0.0
32588,0.0,0.0,0.0,0.0,0.0,2.0,0.0
33088,0.0,0.0,0.0,0.0,0.0,0.0,0.0
34188,0.0,0.0,0.0,0.0,0.0,1.0,0.0
34192,0.0,0.0,0.0,0.0,0.0,2.0,0.0
34692,0.0,0.0,0.0,0.0,0.0,0.0,0.0
34893,0.0,0.0,0.0,0.0,0.0,1.0,0.0
35051,0.0,0.0,0.0,0.0,0.0,2.0,0.0
35551,0.0,0.0,0.0,0.0,0.0,0.0,0.0
36303,0.0,0.0,0.0,0.0,0.0,1.0,0.0
36708,0.0,0.0,0.0,0.0,0.0,2.0,0.0
37208,0.0,0.0,0.0,0.0,0.0,0.0,0.0
37383,0.0,0.0,0.0,0.0,0.0,1.0,0.0
37883,0.0,0.0,0.0,0.0,0.0,0.0,0.0
38932,0.0,0.0,0.0,0.0,0.0,1.0,0.0
39432,0.0,0.0,0.0,0.0,0.0,0.0,0.0
39744,0.0,0.0,0.0,0.0,0.0,1.0,0.0
40244,0.0,0.0,0.0,0.0,0.0,0.0,0.0
40613,0.0,0.0,0.0,0.0,0.0,1.0,0.0
41113,0.0,0.0,0.0,0.0,0.0,0.0,0.0
41416,0.0,0.0,0.0,0.0,0.0,1.0,0.0
41418,0.0,0.0,0.0,0.0,0.0,2.0,0.0
41918,0.0,0.0,0.0,0.0,0.0,0.0,0.0
42677,0.0,0.0,0.0,0.0,0.0,1.0,0.0
42681,0.0,0.0,0.0,0.0,0.0,2.0,0.0
43181,0.0,0.0,0.0,0.0,0.0,0.0,0.0
43358,0.0,0.0,0.0,0.0,0.0,1.0,0.0
43391,0.0,0.0,0.0,0.0,1.0,2.0,0.0
43398,0.0,0.0,0.0,0.0,2.0,2.0,0.0
43891,0.0,0.0,0.0,0.0,2.0,0.0,0.0
43898,0.0,0.0,0.0,0.0,0.0,0.0,0.0
44328,0.0,0.0,0.0,0.0,0.0,1.0,0.0
44497,0.0,0.0,0.0,0.0,0.0,2.0,0.0
44997,0.0,0.0,0.0,0.0,0.0,0.0,0.0
45384,0.0,0.0,0.0,0.0,0.0,1.0,0.0
45884,0.0,0.0,0.0,0.0,0.0,0.0,0.0
46246,0.0,0.0,0.0,0.0,0.0,1.0,0.0
46295,0.0,0.0,0.0,0.0,0.0,2.0,0.0
46795,0.0,0.0,0.0,0.0,0.0,0.0,0.0
46870,0.0,0.0,0.0,0.0,0.0,1.0,0.0
47370,0.0,0.0,0.0,0.0,0.0,0.0,0.0
47395,0.0,0.0,0.0,0.0,0.0,1.0,0.0
47895,0.0,0.0,0.0,0.0,0.0,0.0,0.0
47896,0.0,0.0,0.0,0.0,0.0,1.0,0.0
48396,0.0,0.0,0.0,0.0,0.0,0.0,0.0
48417,0.0,0.0,0.0,0.0,0.0,1.0,0.0
48470,0.0,0.0,0.0,0.0,0.0,2.0,0.0
48970,0.0,0.0,0.0,0.0,0.0,0.0,0.0
49236,0.0,0.0,0.0,0.0,0.0,1.0,0.0
49498,0.0,0.0,0.0,0.0,0.0,2.0,0.0
49998,0.0,0.0,0.0,0.0,0.0,0.0,0.0
51211,0.0,0.0,0.0,0.0,0.0,1.0,0.0
51368,0.0,0.0,0.0,0.0,0.0,2.0,0.0
51868,0.0,0.0,0.0,0.0,0.0,0.0,0.0
52033,0.0,0.0,0.0,0.0,0.0,1.0,0.0
52042,0.0,0.0,0.0,0.0,0.0,2.0,0.0
52542,0.0,0.0,0.0,0.0,0.0,0.0,0.0
52655,0.0,0.0,0.0,0.0,0.0,1.0,0.0
53155,0.0,0.0,0.0,0.0,0.0,0.0,0.0
53874,0.0,0.0,0.0,0.0,0.0,1.0,0.0
53878,0.0,0.0,0.0,0.0,0.0,2.0,0.0
54378,0.0,0.0,0.0,0.0,0.0,0.0,0.0
54496,0.0,0.0,0.0,0.0,0.0,1.0,0.0
54498,0.0,0.0,0.0,0.0,0.0,2.0,0.0
54998,0.0,0.0,0.0,0.0,0.0,0.0,0.0
55041,0.0,0.0,0.0,0.0,0.0,1.0,0.0
55049,0.0,0.0,0.0,0.0,0.0,2.0,0.0
55549,0.0,0.0,0.0,0.0,0.0,0.0,0.0
55726,0.0,0.0,0.0,0.0,0.0,1.0,0.0
55744,0.0,0.0,0.0,0.0,0.0,2.0,0.0
56244,0.0,0.0,0.0,0.0,0.0,0.0,0.0
57092,0.0,0.0,0.0,0.0,0.0,1.0,0.0
57095,0.0,0.0,0.0,0.0,0.0,2.0,0.0
57595,0.0,0.0,0.0,0.0,0.0,0.0,0.0
58295,0.0,0.0,0.0,0.0,0.0,1.0,0.0
58545,0.0,0.0,0.0,0.0,0.0,2.0,0.0
59045,0.0,0.0,0.0,0.0,0.0,0.0,0.0
60898,0.0,0.0,0.0,0.0,0.0,1.0,0.0
61398,0.0,0.0,0.0,0.0,0.0,0.0,0.0
61423,0.0,0.0,0.0,0.0,0.0,1.0,0.0
62131,0.0,0.0,0.0,0.0,0.0,2.0,0.0
62631,0.0,0.0,0.0,0.0,0.0,0.0,0.0
63401,0.0,0.0,0.0,0.0,0.0,1.0,0.0
63604,0.0,0.0,0.0,0.0,0.0,2.0,0.0
64104,0.0,0.0,0.0,0.0,0.0,0.0,0.0
65238,0.0,0.0,0.0,0.0,0.0,1.0,0.0
65429,0.0,0.0,0.0,0.0,0.0,2.0,0.0
65929,0.0,0.0,0.0,0.0,0.0,0.0,0.0
66476,0.0,0.0,0.0,0.0,0.0,1.0,0.0
66976,0.0,0.0,0.0,0.0,0.0,0.0,0.0
67868,0.0,0.0,0.0,0.0,0.0,1.0,0.0
68368,0.0,0.0,0.0,0.0,0.0,0.0,0.0
68497,0.0,0.0,0.0,0.0,0.0,1.0,0.0
68997,0.0,0.0,0.0,0.0,0.0,0.0,0.0
69076,0.0,0.0,0.0,0.0,0.0,1.0,0.0
69576,0.0,0.0,0.0,0.0,0.0,0.0,0.0
70014,0.0,0.0,0.0,0.0,0.0,1.0,0.0
70514,0.0,0.0,0.0,0.0,0.0,0.0,0.0
70824,0.0,0.0,0.0,0.0,0.0,1.0,0.0
71324,0.0,0.0,0.0,0.0,0.0,0.0,0.0
71853,0.0,0.0,0.0,0.0,0.0,1.0,0.0
72018,0.0,0.0,0.0,0.0,0.0,2.0,0.0
72518,0.0,0.0,0.0,0.0,0.0,0.0,0.0
73441,0.0,0.0,0.0,0.0,0.0,1.0,0.0
73459,0.0,0.0,0.0,0.0,0.0,2.0,0.0
73959,0.0,0.0,0.0,0.0,0.0,0.0,0.0
74037,0.0,0.0,0.0,0.0,0.0,1.0,0.0
74040,0.0,0.0,0.0,0.0,0.0,2.0,0.0
74540,0.0,0.0,0.0,0.0,0.0,0.0,0.0
75158,0.0,0.0,0.0,0.0,0.0,1.0,0.0
75658,0.0,0.0,0.0,0.0,0.0,0.0,0.0
75665,0.0,0.0,0.0,0.0,0.0,1.0,0.0
76165,0.0,0.0,0.0,0.0,0.0,0.0,0.0
76330,0.0,0.0,0.0,0.0,0.0,1.0,0.0
76400,0.0,0.0,0.0,0.0,0.0,2.0,0.0
76900,0.0,0.0,0.0,0.0,0.0,0.0,0.0
77532,0.0,0.0,0.0,0.0,0.0,1.0,0.0
77549,0.0,0.0,0.0,0.0,0.0,2.0,0.0
78049,0.0,0.0,0.0,0.0,0.0,0.0,0.0
78558,0.0,0.0,0.0,0.0,0.0,1.0,0.0
79058,0.0,0.0,0.0,0.0,0.0,0.0,0.0
80563,0.0,0.0,0.0,0.0,0.0,1.0,0.0
80565,0.0,0.0,0.0,0.0,0.0,2.0,0.0
81065,0.0,0.0,0.0,0.0,0.0,0.0,0.0
81304,0.0,0.0,0.0,0.0,0.0,1.0,0.0
81308,0.0,0.0,0.0,0.0,0.0,2.0,0.0
81808,0.0,0.0,0.0,0.0,0.0,0.0,0.0
81995,0.0,0.0,0.0,0.0,0.0,1.0,0.0
82057,0.0,0.0,0.0,0.0,0.0,2.0,0.0
82557,0.0,0.0,0.0,0.0,0.0,0.0,0.0
82900,0.0,0.0,0.0,0.0,0.0,1.0,0.0
83400,0.0,0.0,0.0,0.0,0.0,0.0,0.0
84589,0.0,0.0,0.0,0.0,0.0,1.0,0.0
85089,0.0,0.0,0.0,0.0,0.0,0.0,0.0
85189,0.0,0.0,0.0,0.0,0.0,1.0,0.0
85689,0.0,0.0,0.0,0.0,0.0,0.0,0.0
85725,0.0,0.0,0.0,0.0,0.0,1.0,0.0
86225,0.0,0.0,0.0,0.0,0.0,0.0,0.0
87104,0.0,0.0,0.0,0.0,0.0,1.0,0.0
87114,0.0,0.0,0.0,0.0,0.0,2.0,0.0
87614,0.0,0.0,0.0,0.0,0.0,0.0,0.0
87849,0.0,0.0,0.0,0.0,0.0,1.0,0.0
87997,0.0,0.0,0.0,0.0,0.0,2.0,0.0
88497,0.0,0.0,0.0,0.0,0.0,0.0,0.0
89388,0.0,0.0,0.0,0.0,0.0,1.0,0.0
89693,0.0,0.0,0.0,0.0,0.0,2.0,0.0
90193,0.0,0.0,0.0,0.0,0.0,0.0,0.0
90777,0.0,0.0,0.0,0.0,0.0,1.0,0.0
91277,0.0,0.0,0.0,0.0,0.0,0.0,0.0
93715,0.0,0.0,0.0,0.0,0.0,1.0,0.0
94215,0.0,0.0,0.0,0.0,0.0,0.0,0.0
94223,0.0,0.0,0.0,0.0,0.0,1.0,0.0
94230,0.0,0.0,0.0,0.0,0.0,2.0,0.0
94730,0.0,0.0,0.0,0.0,0.0,0.0,0.0
95229,0.0,0.0,0.0,0.0,0.0,1.0,0.0
95729,0.0,0.0,0.0,0.0,0.0,0.0,0.0
95800,0.0,0.0,0.0,0.0,0.0,1.0,0.0
96300,0.0,0.0,0.0,0.0,0.0,0.0,0.0
96506,0.0,0.0,0.0,0.0,0.0,1.0,0.0
97006,0.0,0.0,0.0,0.0,0.0,0.0,0.0
97065,0.0,0.0,0.0,0.0,0.0,1.0,0.0
97091,0.0,0.0,0.0,0.0,0.0,2.0,0.0
97591,0.0,0.0,0.0,0.0,0.0,0.0,0.0
97827,0.0,0.0,0.0,0.0,0.0,1.0,0.0
98327,0.0,0.0,0.0,0.0,0.0,0.0,0.0
98364,0.0,0.0,0.0,0.0,0.0,1.0,0.0
98864,0.0,0.0,0.0,0.0,0.0,0.0,0.0
99224,0.0,0.0,0.0,0.0,0.0,1.0,0.0
99611,0.0,0.0,0.0,0.0,0.0,2.0,0.0
100111,0.0,0.0,0.0,0.0,0.0,0.0,0.0
101244,0.0,0.0,0.0,0.0,0.0,1.0,0.0
101744,0.0,0.0,0.0,0.0,0.0,0.0,0.0
102587,0.0,0.0,0.0,0.0,0.0,1.0,0.0
102590,0.0,0.0,0.0,0.0,1.0,1.0,0.0
103087,0.0,0.0,0.0,0.0,1.0,0.0,0.0
103090,0.0,0.0,0.0,0.0,0.0,0.0,0.0
104555,0.0,0.0,0.0,0.0,1.0,0.0,0.0
104953,0.0,0.0,0.0,0.0,1.0,1.0,0.0
105055,0.0,0.0,0.0,0.0,0.0,1.0,0.0
105453,0.0,0.0,0.0,0.0,0.0,0.0,0.0
105935,0.0,0.0,0.0,0.0,0.0,1.0,0.0
105943,0.0,0.0,0.0,0.0,0.0,2.0,0.0
106443,0.0,0.0,0.0,0.0,0.0,0.0,0.0
114308,0.0,0.0,0.0,0.0,0.0,1.0,0.0
114808,0.0,0.0,0.0,0.0,0.0,0.0,0.0
115080,0.0,0.0,0.0,0.0,0.0,1.0,0.0
115580,0.0,0.0,0.0,0.0,0.0,0.0,0.0
116776,0.0,0.0,0.0,0.0,0.0,1.0,0.0
117276,0.0,0.0,0.0,0.0,0.0,0.0,0.0
117435,0.0,0.0,0.0,0.0,0.0,1.0,0.0
117935,0.0,0.0,0.0,0.0,0.0,0.0,0.0
120044,0.0,0.0,0.0,0.0,0.0,1.0,0.0
120544,0.0,0.0,0.0,0.0,0.0,0.0,0.0
121236,0.0,0.0,0.0,0.0,1.0,1.0,0.0
121736,0.0,0.0,0.0,0.0,0.0,0.0,0.0
123176,0.0,0.0,0.0,0.0,0.0,1.0,0.0
123676,0.0,0.0,0.0,0.0,0.0,0.0,0.0
126982,0.0,0.0,0.0,0.0,0.0,1.0,0.0
127482,0.0,0.0,0.0,0.0,0.0,0.0,0.0
128705,0.0,0.0,0.0,0.0,0.0,1.0,0.0
129205,0.0,0.0,0.0,0.0,0.0,0.0,0.0
129853,0.0,0.0,0.0,0.0,0.0,1.0,0.0
130353,0.0,0.0,0.0,0.0,0.0,0.0,0.0
131589,0.0,0.0,0.0,0.0,0.0,1.0,0.0
131953,0.0,0.0,0.0,0.0,0.0,2.0,0.0
132453,0.0,0.0,0.0,0.0,0.0,0.0,0.0
136346,0.0,0.0,0.0,0.0,0.0,1.0,0.0
136846,0.0,0.0,0.0,0.0,0.0,0.0,0.0
137257,0.0,0.0,0.0,0.0,0.0,1.0,0.0
137330,0.0,0.0,0.0,0.0,0.0,2.0,0.0
137830,0.0,0.0,0.0,0.0,0.0,0.0,0.0
140623,0.0,0.0,0.0,0.0,0.0,1.0,0.0
141123,0.0,0.0,0.0,0.0,0.0,0.0,0.0
143109,0.0,0.0,0.0,0.0,0.0,1.0,0.0
143609,0.0,0.0,0.0,0.0,0.0,0.0,0.0
144426,0.0,0.0,0.0,0.0,0.0,1.0,0.0
144926,0.0,0.0,0.0,0.0,0.0,0.0,0.0
146153,0.0,0.0,0.0,0.0,0.0,1.0,0.0
146653,0.0,0.0,0.0,0.0,0.0,0.0,0.0
149667,0.0,0.0,0.0,0.0,0.0,1.0,0.0
150167,0.0,0.0,0.0,0.0,0.0,0.0,0.0
150462,0.0,0.0,0.0,0.0,0.0,1.0,0.0
150962,0.0,0.0,0.0,0.0,0.0,0.0,0.0
154363,0.0,0.0,0.0,0.0,0.0,1.0,0.0
154372,0.0,0.0,0.0,0.0,0.0,2.0,0.0
154872,0.0,0.0,0.0,0.0,0.0,0.0,0.0
156229,0.0,0.0,0.0,0.0,0.0,1.0,0.0
156729,0.0,0.0,0.0,0.0,0.0,0.0,0.0
158076,0.0,0.0,0.0,0.0,0.0,1.0,0.0
158576,0.0,0.0,0.0,0.0,0.0,0.0,0.0
161821,0.0,0.0,0.0,0.0,0.0,1.0,0.0
162321,0.0,0.0,0.0,0.0,0.0,0.0,0.0
163224,0.0,0.0,0.0,0.0,0.0,1.0,0.0
163724,0.0,0.0,0.0,0.0,0.0,0.0,0.0
166022,0.0,0.0,0.0,0.0,0.0,1.0,0.0
166033,0.0,0.0,0.0,0.0,0.0,2.0,0.0
166533,0.0,0.0,0.0,0.0,0.0,0.0,0.0
166825,0.0,0.0,0.0,0.0,0.0,1.0,0.0
167325,0.0,0.0,0.0,0.0,0.0,0.0,0.0
178374,0.0,0.0,0.0,0.0,0.0,1.0,0.0
178376,0.0,0.0,0.0,0.0,0.0,2.0,0.0
178876,0.0,0.0,0.0,0.0,0.0,0.0,0.0
179730,0.0,0.0,0.0,0.0,0.0,1.0,0.0
180230,0.0,0.0,0.0,0.0,0.0,0.0,0.0
180442,0.0,0.0,0.0,0.0,0.0,1.0,0.0
180444,0.0,0.0,0.0,0.0,0.0,2.0,0.0
180944,0.0,0.0,0.0,0.0,0.0,0.0,0.0
181596,0.0,0.0,0.0,0.0,0.0,1.0,0.0
182096,0.0,0.0,0.0,0.0,0.0,0.0,0.0
186110,0.0,0.0,0.0,0.0,0.0,1.0,0.0
186610,0.0,0.0,0.0,0.0,0.0,0.0,0.0
187018,0.0,0.0,0.0,0.0,0.0,1.0,0.0
187518,0.0,0.0,0.0,0.0,0.0,0.0,0.0
188111,0.0,0.0,0.0,0.0,0.0,1.0,0.0
188611,0.0,0.0,0.0,0.0,0.0,0.0,0.0
190460,0.0,0.0,0.0,0.0,0.0,1.0,0.0
190960,0.0,0.0,0.0,0.0,0.0,0.0,0.0
192233,0.0,0.0,0.0,0.0,0.0,1.0,0.0
192733,0.0,0.0,0.0,0.0,0.0,0.0,0.0
194142,0.0,0.0,0.0,0.0,0.0,1.0,0.0
194277,0.0,0.0,0.0,0.0,0.0,2.0,0.0
194777,0.0,0.0,0.0,0.0,0.0,0.0,0.0
195435,0.0,0.0,0.0,0.0,0.0,1.0,0.0
195935,0.0,0.0,0.0,0.0,0.0,0.0,0.0
201000,0.0,0.0,0.0,0.0,0.0,0.0,1.0
201358,0.0,0.0,0.0,0.0,0.0,1.0,1.0
201362,0.0,0.0,0.0,0.0,0.0,2.0,1.0
201500,0.0,0.0,0.0,0.0,0.0,2.0,0.0
201848,0.0,0.0,0.0,0.0,1.0,2.0,0.0
201862,0.0,0.0,0.0,0.0,1.0,0.0,0.0
201919,2.0,0.0,0.0,0.0,1.0,0.0,0.0
201970,2.0,0.0,0.0,0.0,2.0,0.0,0.0
201981,2.0,0.0,0.0,0.0,2.0,1.0,0.0
201989,2.0,0.0,0.0,0.0,2.0,2.0,0.0
202419,0.0,0.0,0.0,0.0,2.0,2.0,0.0
202463,2.0,0.0,0.0,0.0,2.0,2.0,0.0
202470,2.0,0.0,0.0,0.0,0.0,2.0,0.0
202474,2.0,2.0,0.0,0.0,0.0,2.0,0.0
202489,2.0,2.0,0.0,0.0,0.0,0.0,0.0
202798,2.0,2.0,0.0,0.0,0.0,1.0,0.0
202802,2.0,2.0,0.0,0.0,0.0,2.0,0.0
202817,2.0,2.0,0.0,0.0,1.0,2.0,0.0
202963,0.0,2.0,0.0,0.0,1.0,2.0,0.0
202974,0.0,0.0,0.0,0.0,1.0,2.0,0.0
203302,0.0,0.0,0.0,0.0,1.0,0.0,0.0
203317,0.0,0.0,0.0,0.0,0.0,0.0,0.0
203532,0.0,0.0,0.0,0.0,0.0,1.0,0.0
203743,2.0,0.0,0.0,0.0,0.0,1.0,0.0
203961,2.0,0.0,0.0,0.0,0.0,2.0,0.0
204243,0.0,0.0,0.0,0.0,0.0,2.0,0.0
204461,0.0,0.0,0.0,0.0,0.0,0.0,0.0
204546,0.0,0.0,1.0,0.0,0.0,0.0,0.0
204558,0.0,0.0,1.0,0.0,0.0,1.0,0.0
204664,0.0,0.0,1.0,0.0,0.0,2.0,0.0
205164,0.0,0.0,1.0,0.0,0.0,0.0,0.0
206889,0.0,0.0,1.0,0.0,0.0,1.0,0.0
207389,0.0,0.0,1.0,0.0,0.0,0.0,0.0
207620,0.0,0.0,1.0,0.0,0.0,1.0,0.0
207679,0.0,0.0,2.0,0.0,0.0,1.0,0.0
207934,0.0,0.0,2.0,0.0,0.0,2.0,0.0
208179,0.0,0.0,0.0,0.0,0.0,2.0,0.0
208434,0.0,0.0,0.0,0.0,0.0,0.0,0.0
208782,0.0,0.0,0.0,0.0,0.0,1.0,0.0
209282,0.0,0.0,0.0,0.0,0.0,0.0,0.0
209732,0.0,0.0,0.0,0.0,0.0,1.0,0.0
209780,0.0,0.0,0.0,0.0,0.0,2.0,0.0
209801,0.0,0.0,1.0,0.0,0.0,2.0,0.0
210280,0.0,0.0,1.0,0.0,0.0,0.0,0.0
210836,0.0,0.0,1.0,0.0,0.0,1.0,0.0
211301,0.0,0.0,0.0,0.0,0.0,1.0,0.0
211336,0.0,0.0,0.0,0.0,0.0,0.0,0.0
211634,0.0,0.0,0.0,0.0,0.0,1.0,0.0
212134,0.0,0.0,0.0,0.0,0.0,0.0,0.0
212713,0.0,0.0,0.0,0.0,0.0,1.0,0.0
212741,0.0,0.0,1.0,0.0,0.0,1.0,0.0
212744,0.0,0.0,1.0,0.0,0.0,2.0,0.0
213241,0.0,0.0,0.0,0.0,0.0,2.0,0.0
213244,0.0,0.0,0.0,0.0,0.0,0.0,0.0
213342,0.0,0.0,1.0,0.0,0.0,0.0,0.0
213345,0.0,0.0,1.0,0.0,0.0,1.0,0.0
213842,0.0,0.0,0.0,0.0,0.0,1.0,0.0
213845,0.0,0.0,0.0,0.0,0.0,0.0,0.0
214088,0.0,0.0,0.0,0.0,0.0,1.0,0.0
214193,0.0,0.0,0.0,0.0,0.0,2.0,0.0
214693,0.0,0.0,0.0,0.0,0.0,0.0,0.0
214940,0.0,0.0,0.0,0.0,0.0,1.0,0.0
215270,0.0,0.0,0.0,0.0,0.0,2.0,0.0
215292,0.0,0.0,1.0,0.0,0.0,2.0,0.0
215770,0.0,0.0,1.0,0.0,0.0,0.0,0.0
216594,0.0,0.0,1.0,0.0,0.0,1.0,0.0
217094,0.0,0.0,1.0,0.0,0.0,0.0,0.0
217421,0.0,0.0,1.0,0.0,0.0,1.0,0.0
217921,0.0,0.0,1.0,0.0,0.0,0.0,0.0
218093,0.0,0.0,1.0,0.0,0.0,1.0,0.0
218098,0.0,0.0,1.0,0.0,0.0,2.0,0.0
218598,0.0,0.0,1.0,0.0,0.0,0.0,0.0
218783,0.0,0.0,1.0,0.0,0.0,1.0,0.0
219283,0.0,0.0,1.0,0.0,0.0,0.0,0.0
219292,0.0,0.0,0.0,0.0,0.0,0.0,0.0
219303,0.0,0.0,1.0,0.0,0.0,0.0,0.0
219384,0.0,0.0,1.0,0.0,0.0,1.0,0.0
219386,0.0,0.0,1.0,0.0,0.0,2.0,0.0
219803,0.0,0.0,0.0,0.0,0.0,2.0,0.0
219886,0.0,0.0,0.0,0.0,0.0,0.0,0.0
220144,0.0,0.0,0.0,0.0,1.0,0.0,0.0
220148,0.0,0.0,0.0,0.0,2.0,1.0,0.0
220150,0.0,0.0,0.0,0.0,2.0,2.0,0.0
220648,0.0,0.0,0.0,0.0,0.0,2.0,0.0
220650,0.0,0.0,0.0,0.0,0.0,0.0,0.0
220652,0.0,0.0,0.0,0.0,0.0,1.0,0.0
220656,0.0,0.0,1.0,0.0,0.0,1.0,0.0
221152,0.0,0.0,1.0,0.0,0.0,0.0,0.0
221545,0.0,0.0,1.0,0.0,0.0,1.0,0.0
222045,0.0,0.0,1.0,0.0,0.0,0.0,0.0
222810,0.0,0.0,1.0,0.0,0.0,1.0,0.0
223310,0.0,0.0,1.0,0.0,0.0,0.0,0.0
223652,0.0,0.0,1.0,0.0,0.0,1.0,0.0
223656,0.0,0.0,0.0,0.0,0.0,1.0,0.0
223663,0.0,0.0,0.0,0.0,0.0,2.0,0.0
223664,0.0,0.0,1.0,0.0,0.0,2.0,0.0
224163,0.0,0.0,1.0,0.0,0.0,0.0,0.0
224164,0.0,0.0,0.0,0.0,0.0,0.0,0.0
224655,0.0,0.0,0.0,0.0,0.0,1.0,0.0
225155,0.0,0.0,0.0,0.0,0.0,0.0,0.0
226793,0.0,0.0,0.0,0.0,0.0,1.0,0.0
226796,0.0,0.0,0.0,0.0,0.0,2.0,0.0
227296,0.0,0.0,0.0,0.0,0.0,0.0,0.0
228057,0.0,0.0,0.0,0.0,0.0,1.0,0.0
228067,0.0,0.0,0.0,0.0,0.0,2.0,0.0
228068,0.0,0.0,0.0,0.0,1.0,2.0,0.0
228159,0.0,0.0,0.0,0.0,2.0,2.0,0.0
228567,0.0,0.0,0.0,0.0,2.0,0.0,0.0
228659,0.0,0.0,0.0,0.0,0.0,0.0,0.0
230248,0.0,0.0,0.0,0.0,0.0,1.0,0.0
230397,0.0,0.0,0.0,0.0,0.0,2.0,0.0
230897,0.0,0.0,0.0,0.0,0.0,0.0,0.0
231814,0.0,0.0,0.0,0.0,0.0,1.0,0.0
232314,0.0,0.0,0.0,0.0,0.0,0.0,0.0
232470,0.0,0.0,0.0,0.0,0.0,1.0,0.0
232970,0.0,0.0,0.0,0.0,0.0,0.0,0.0
233408,0.0,0.0,0.0,0.0,0.0,1.0,0.0
233908,0.0,0.0,0.0,0.0,0.0,0.0,0.0
234705,0.0,0.0,0.0,0.0,0.0,1.0,0.0
235205,0.0,0.0,0.0,0.0,0.0,0.0,0.0
235730,0.0,0.0,0.0,0.0,0.0,1.0,0.0
236230,0.0,0.0,0.0,0.0,0.0,0.0,0.0
236310,0.0,0.0,0.0,0.0,0.0,1.0,0.0
236810,0.0,0.0,0.0,0.0,0.0,0.0,0.0
236843,0.0,0.0,0.0,0.0,0.0,1.0,0.0
237343,0.0,0.0,0.0,0.0,0.0,0.0,0.0
237723,0.0,0.0,0.0,0.0,0.0,1.0,0.0
238223,0.0,0.0,0.0,0.0,0.0,0.0,0.0
238238,0.0,0.0,0.0,0.0,0.0,1.0,0.0
238580,0.0,0.0,0.0,0.0,0.0,2.0,0.0
239080,0.0,0.0,0.0,0.0,0.0,0.0,0.0
239891,0.0,0.0,0.0,0.0,0.0,1.0,0.0
239893,0.0,0.0,0.0,0.0,0.0,2.0,0.0
240393,0.0,0.0,0.0,0.0,0.0,0.0,0.0
240520,0.0,0.0,0.0,0.0,0.0,1.0,0.0
241020,0.0,0.0,0.0,0.0,0.0,0.0,0.0
241037,0.0,0.0,0.0,0.0,0.0,1.0,0.0
241299,0.0,0.0,0.0,0.0,0.0,2.0,0.0
241799,0.0,0.0,0.0,0.0,0.0,0.0,0.0
241977,0.0,0.0,0.0,0.0,0.0,1.0,0.0
242167,0.0,0.0,0.0,0.0,0.0,2.0,0.0
242168,0.0,0.0,0.0,0.0,1.0,2.0,0.0
242667,0.0,0.0,0.0,0.0,1.0,0.0,0.0
242668,0.0,0.0,0.0,0.0,0.0,0.0,0.0
242842,0.0,0.0,0.0,0.0,0.0,1.0,0.0
243155,0.0,0.0,0.0,0.0,0.0,2.0,0.0
243655,0.0,0.0,0.0,0.0,0.0,0.0,0.0
246170,0.0,0.0,0.0,0.0,0.0,1.0,0.0
246670,0.0,0.0,0.0,0.0,0.0,0.0,0.0
248542,0.0,0.0,0.0,0.0,0.0,1.0,0.0
248544,0.0,0.0,0.0,0.0,0.0,2.0,0.0
249044,0.0,0.0,0.0,0.0,0.0,0.0,0.0
250395,0.0,0.0,0.0,0.0,0.0,1.0,0.0
250397,0.0,0.0,0.0,0.0,0.0,2.0,0.0
250897,0.0,0.0,0.0,0.0,0.0,0.0,0.0
251919,0.0,0.0,0.0,0.0,0.0,1.0,0.0
251932,0.0,0.0,0.0,0.0,0.0,2.0,0.0
252432,0.0,0.0,0.0,0.0,0.0,0.0,0.0
252990,0.0,0.0,0.0,0.0,0.0,1.0,0.0
253369,0.0,0.0,0.0,0.0,0.0,2.0,0.0
253869,0.0,0.0,0.0,0.0,0.0,0.0,0.0
253928,0.0,0.0,0.0,0.0,0.0,1.0,0.0
254428,0.0,0.0,0.0,0.0,0.0,0.0,0.0
254520,0.0,0.0,0.0,0.0,0.0,1.0,0.0
254580,0.0,0.0,0.0,0.0,0.0,2.0,0.0
255080,0.0,0.0,0.0,0.0,0.0,0.0,0.0
257178,0.0,0.0,0.0,0.0,0.0,1.0,0.0
257654,0.0,0.0,0.0,0.0,0.0,2.0,0.0
257762,0.0,2.0,0.0,0.0,0.0,2.0,0.0
258154,0.0,2.0,0.0,0.0,0.0,0.0,0.0
258262,0.0,0.0,0.0,0.0,0.0,0.0,0.0
258456,0.0,0.0,0.0,0.0,0.0,1.0,0.0
258956,0.0,0.0,0.0,0.0,0.0,0.0,0.0
259143,0.0,0.0,0.0,0.0,0.0,1.0,0.0
259643,0.0,0.0,0.0,0.0,0.0,0.0,0.0
259907,0.0,0.0,0.0,0.0,0.0,1.0,0.0
260407,0.0,0.0,0.0,0.0,0.0,0.0,0.0
260602,0.0,0.0,0.0,0.0,0.0,1.0,0.0
261102,0.0,0.0,0.0,0.0,0.0,0.0,0.0
261115,0.0,0.0,0.0,0.0,0.0,1.0,0.0
261615,0.0,0.0,0.0,0.0,0.0,0.0,0.0
261781,0.0,0.0,0.0,0.0,0.0,1.0,0.0
261927,0.0,0.0,0.0,0.0,0.0,2.0,0.0
262427,0.0,0.0,0.0,0.0,0.0,0.0,0.0
262798,0.0,0.0,0.0,0.0,0.0,1.0,0.0
263298,0.0,0.0,0.0,0.0,0.0,0.0,0.0
263495,0.0,0.0,0.0,0.0,0.0,1.0,0.0
263995,0.0,0.0,0.0,0.0,0.0,0.0,0.0
264312,0.0,0.0,0.0,0.0,0.0,1.0,0.0
264319,0.0,0.0,0.0,0.0,0.0,2.0,0.0
264418,0.0,2.0,0.0,0.0,0.0,2.0,0.0
264819,0.0,2.0,0.0,0.0,0.0,0.0,0.0
264918,0.0,0.0,0.0,0.0,0.0,0.0,0.0
265090,0.0,0.0,0.0,0.0,0.0,1.0,0.0
265212,0.0,0.0,0.0,0.0,0.0,2.0,0.0
265712,0.0,0.0,0.0,0.0,0.0,0.0,0.0
266462,0.0,0.0,0.0,0.0,0.0,1.0,0.0
266476,0.0,0.0,0.0,0.0,0.0,2.0,0.0
266976,0.0,0.0,0.0,0.0,0.0,0.0,0.0
268133,0.0,0.0,0.0,0.0,0.0,1.0,0.0
268633,0.0,0.0,0.0,0.0,0.0,0.0,0.0
269034,0.0,0.0,0.0,0.0,0.0,1.0,0.0
269036,0.0,0.0,0.0,0.0,0.0,2.0,0.0
269536,0.0,0.0,0.0,0.0,0.0,0.0,0.0
270090,0.0,0.0,0.0,0.0,0.0,1.0,0.0
270101,0.0,0.0,0.0,0.0,0.0,2.0,0.0
270601,0.0,0.0,0.0,0.0,0.0,0.0,0.0
271778,0.0,0.0,0.0,0.0,0.0,1.0,0.0
271780,0.0,0.0,0.0,0.0,0.0,2.0,0.0
272280,0.0,0.0,0.0,0.0,0.0,0.0,0.0
272972,0.0,0.0,0.0,0.0,0.0,1.0,0.0
273261,0.0,0.0,0.0,0.0,0.0,2.0,0.0
273761,0.0,0.0,0.0,0.0,0.0,0.0,0.0
273922,0.0,0.0,0.0,0.0,0.0,1.0,0.0
274422,0.0,0.0,0.0,0.0,0.0,0.0,0.0
274763,0.0,0.0,0.0,0.0,0.0,1.0,0.0
275263,0.0,0.0,0.0,0.0,0.0,0.0,0.0
275654,0.0,0.0,0.0,0.0,0.0,1.0,0.0
276154,0.0,0.0,0.0,0.0,0.0,0.0,0.0
276239,0.0,0.0,0.0,0.0,0.0,1.0,0.0
276739,0.0,0.0,0.0,0.0,0.0,0.0,0.0
277057,0.0,0.0,0.0,0.0,0.0,1.0,0.0
277557,0.0,0.0,0.0,0.0,0.0,0.0,0.0
277638,0.0,0.0,0.0,0.0,0.0,1.0,0.0
278138,0.0,0.0,0.0,0.0,0.0,0.0,0.0
278313,0.0,0.0,0.0,0.0,0.0,1.0,0.0
278813,0.0,0.0,0.0,0.0,0.0,0.0,0.0
278830,0.0,0.0,0.0,0.0,0.0,1.0,0.0
278833,0.0,0.0,0.0,0.0,0.0,2.0,0.0
279333,0.0,0.0,0.0,0.0,0.0,0.0,0.0
279932,0.0,0.0,0.0,0.0,0.0,1.0,0.0
280432,0.0,0.0,0.0,0.0,0.0,0.0,0.0
280816,0.0,0.0,0.0,0.0,0.0,1.0,0.0
280820,0.0,0.0,0.0,0.0,0.0,2.0,0.0
281320,0.0,0.0,0.0,0.0,0.0,0.0,0.0
281558,0.0,0.0,0.0,0.0,0.0,1.0,0.0
282058,0.0,0.0,0.0,0.0,0.0,0.0,0.0
282506,0.0,0.0,0.0,0.0,0.0,1.0,0.0
282832,0.0,0.0,0.0,0.0,0.0,2.0,0.0
283332,0.0,0.0,0.0,0.0,0.0,0.0,0.0
284179,0.0,0.0,0.0,0.0,0.0,1.0,0.0
284679,0.0,0.0,0.0,0.0,0.0,0.0,0.0
285402,0.0,0.0,0.0,0.0,0.0,1.0,0.0
285404,0.0,0.0,0.0,0.0,0.0,2.0,0.0
285904,0.0,0.0,0.0,0.0,0.0,0.0,0.0
286839,0.0,0.0,0.0,0.0,0.0,1.0,0.0
287339,0.0,0.0,0.0,0.0,0.0,0.0,0.0
287416,0.0,0.0,0.0,0.0,0.0,1.0,0.0
287916,0.0,0.0,0.0,0.0,0.0,0.0,0.0
288404,0.0,0.0,0.0,0.0,0.0,1.0,0.0
288904,0.0,0.0,0.0,0.0,0.0,0.0,0.0
288921,0.0,0.0,0.0,0.0,0.0,1.0,0.0
289421,0.0,0.0,0.0,0.0,0.0,0.0,0.0
289823,0.0,0.0,0.0,0.0,0.0,1.0,0.0
290323,0.0,0.0,0.0,0.0,0.0,0.0,0.0
292402,0.0,0.0,0.0,0.0,0.0,1.0,0.0
292902,0.0,0.0,0.0,0.0,0.0,0.0,0.0
292914,0.0,0.0,0.0,0.0,0.0,1.0,0.0
293414,0.0,0.0,0.0,0.0,0.0,0.0,0.0
293813,0.0,0.0,0.0,0.0,0.0,1.0,0.0
294215,0.0,0.0,0.0,0.0,0.0,2.0,0.0
294715,0.0,0.0,0.0,0.0,0.0,0.0,0.0
296372,0.0,0.0,0.0,0.0,0.0,1.0,0.0
296872,0.0,0.0,0.0,0.0,0.0,0.0,0.0
297435,0.0,0.0,0.0,0.0,0.0,1.0,0.0
297437,0.0,0.0,0.0,0.0,0.0,2.0,0.0
297937,0.0,0.0,0.0,0.0,0.0,0.0,0.0
298060,0.0,0.0,0.0,0.0,0.0,1.0,0.0
298062,0.0,0.0,0.0,0.0,0.0,2.0,0.0
298562,0.0,0.0,0.0,0.0,0.0,0.0,0.0
299548,0.0,0.0,0.0,0.0,0.0,1.0,0.0
300048,0.0,0.0,0.0,0.0,0.0,0.0,0.0
305173,0.0,0.0,0.0,0.0,1.0,0.0,0.0
305673,0.0,0.0,0.0,0.0,0.0,0.0,0.0
305898,0.0,0.0,0.0,0.0,0.0,1.0,0.0
306398,0.0,0.0,0.0,0.0,0.0,0.0,0.0
308622,0.0,0.0,0.0,0.0,1.0,0.0,0.0
309122,0.0,0.0,0.0,0.0,0.0,0.0,0.0
309711,0.0,0.0,0.0,0.0,0.0,1.0,0.0
310211,0.0,0.0,0.0,0.0,0.0,0.0,0.0
310411,0.0,0.0,0.0,0.0,0.0,1.0,0.0
310415,0.0,0.0,0.0,0.0,0.0,2.0,0.0
310915,0.0,0.0,0.0,0.0,0.0,0.0,0.0
312459,0.0,0.0,0.0,0.0,0.0,1.0,0.0
312959,0.0,0.0,0.0,0.0,0.0,0.0,0.0
319478,0.0,0.0,0.0,0.0,1.0,0.0,0.0
319479,0.0,0.0,0.0,0.0,2.0,0.0,0.0
319979,0.0,0.0,0.0,0.0,0.0,0.0,0.0
321069,0.0,0.0,0.0,0.0,0.0,1.0,0.0
321569,0.0,0.0,0.0,0.0,0.0,0.0,0.0
322208,0.0,0.0,0.0,0.0,0.0,1.0,0.0
322708,0.0,0.0,0.0,0.0,0.0,0.0,0.0
322815,0.0,0.0,0.0,0.0,0.0,1.0,0.0
323315,0.0,0.0,0.0,0.0,0.0,0.0,0.0
326331,0.0,0.0,0.0,0.0,0.0,1.0,0.0
326831,0.0,0.0,0.0,0.0,0.0,0.0,0.0
336852,0.0,0.0,0.0,0.0,0.0,1.0,0.0
337352,0.0,0.0,0.0,0.0,0.0,0.0,0.0
341515,0.0,0.0,0.0,0.0,0.0,1.0,0.0
341522,0.0,0.0,0.0,0.0,0.0,2.0,0.0
341530,0.0,0.0,0.0,0.0,1.0,2.0,0.0
342022,0.0,0.0,0.0,0.0,1.0,0.0,0.0
342030,0.0,0.0,0.0,0.0,0.0,0.0,0.0
343906,0.0,0.0,0.0,0.0,0.0,1.0,0.0
344406,0.0,0.0,0.0,0.0,0.0,0.0,0.0
344806,0.0,0.0,0.0,0.0,0.0,1.0,0.0
345306,0.0,0.0,0.0,0.0,0.0,0.0,0.0
346518,0.0,0.0,0.0,0.0,0.0,1.0,0.0
347018,0.0,0.0,0.0,0.0,0.0,0.0,0.0
350535,0.0,0.0,0.0,0.0,0.0,1.0,0.0
350537,0.0,0.0,0.0,0.0,1.0,1.0,0.0
351035,0.0,0.0,0.0,0.0,1.0,0.0,0.0
351037,0.0,0.0,0.0,0.0,0.0,0.0,0.0
352662,0.0,0.0,0.0,0.0,0.0,1.0,0.0
353162,0.0,0.0,0.0,0.0,0.0,0.0,0.0
354119,0.0,0.0,0.0,0.0,0.0,1.0,0.0
354120,0.0,0.0,0.0,0.0,1.0,1.0,0.0
354619,0.0,0.0,0.0,0.0,1.0,0.0,0.0
354620,0.0,0.0,0.0,0.0,0.0,0.0,0.0
361960,0.0,0.0,0.0,0.0,0.0,1.0,0.0
362460,0.0,0.0,0.0,0.0,0.0,0.0,0.0
363286,0.0,0.0,0.0,0.0,0.0,1.0,0.0
363786,0.0,0.0,0.0,0.0,0.0,0.0,0.0
364488,0.0,0.0,0.0,0.0,0.0,1.0,0.0
364988,0.0,0.0,0.0,0.0,0.0,0.0,0.0
366191,0.0,0.0,0.0,0.0,0.0,1.0,0.0
366691,0.0,0.0,0.0,0.0,0.0,0.0,0.0
367954,0.0,0.0,0.0,0.0,0.0,1.0,0.0
368454,0.0,0.0,0.0,0.0,0.0,0.0,0.0
368515,0.0,0.0,0.0,0.0,0.0,1.0,0.0
369015,0.0,0.0,0.0,0.0,0.0,0.0,0.0
371018,0.0,0.0,0.0,0.0,0.0,1.0,0.0
371518,0.0,0.0,0.0,0.0,0.0,0.0,0.0
373409,0.0,0.0,0.0,0.0,0.0,1.0,0.0
373909,0.0,0.0,0.0,0.0,0.0,0.0,0.0
376251,0.0,0.0,0.0,0.0,0.0,1.0,0.0
376751,0.0,0.0,0.0,0.0,0.0,0.0,0.0
377289,0.0,0.0,0.0,0.0,0.0,1.0,0.0
377789,0.0,0.0,0.0,0.0,0.0,0.0,0.0
378117,0.0,0.0,0.0,0.0,0.0,1.0,0.0
378617,0.0,0.0,0.0,0.0,0.0,0.0,0.0
380799,0.0,0.0,0.0,0.0,0.0,1.0,0.0
381299,0.0,0.0,0.0,0.0,0.0,0.0,0.0
381524,0.0,0.0,0.0,0.0,0.0,1.0,0.0
382024,0.0,0.0,0.0,0.0,0.0,0.0,0.0
382149,0.0,0.0,0.0,0.0,0.0,1.0,0.0
382649,0.0,0.0,0.0,0.0,0.0,0.0,0.0
382938,0.0,0.0,0.0,0.0,0.0,1.0,0.0
383438,0.0,0.0,0.0,0.0,0.0,0.0,0.0
387037,0.0,0.0,0.0,0.0,0.0,1.0,0.0
387040,0.0,0.0,0.0,0.0,0.0,2.0,0.0
387540,0.0,0.0,0.0,0.0,0.0,0.0,0.0
388181,0.0,0.0,0.0,0.0,0.0,1.0,0.0
388681,0.0,0.0,0.0,0.0,0.0,0.0,0.0
391791,0.0,0.0,0.0,0.0,0.0,1.0,0.0
391792,0.0,0.0,0.0,0.0,0.0,2.0,0.0
392292,0.0,0.0,0.0,0.0,0.0,0.0,0.0
396549,0.0,0.0,0.0,0.0,0.0,1.0,0.0
397049,0.0,0.0,0.0,0.0,0.0,0.0,0.0
398433,0.0,0.0,0.0,0.0,0.0,1.0,0.0
398933,0.0,0.0,0.0,0.0,0.0,0.0,0.0
399076,0.0,0.0,0.0,0.0,0.0,1.0,0.0
399576,0.0,0.0,0.0,0.0,0.0,0.0,0.0
401065,0.0,0.0,0.0,0.0,0.0,1.0,0.0
401565,0.0,0.0,0.0,0.0,0.0,0.0,0.0
403000,0.0,0.0,0.0,0.0,0.0,0.0,1.0
403467,0.0,0.0,0.0,0.0,0.0,1.0,1.0
403474,0.0,0.0,0.0,0.0,0.0,2.0,1.0
403500,0.0,0.0,0.0,0.0,0.0,2.0,0.0
403775,2.0,0.0,0.0,0.0,0.0,2.0,0.0
403965,2.0,2.0,0.0,0.0,0.0,2.0,0.0
403974,2.0,2.0,0.0,0.0,0.0,0.0,0.0
404004,2.0,2.0,0.0,0.0,1.0,0.0,0.0
404030,2.0,2.0,0.0,0.0,1.0,1.0,0.0
404033,2.0,2.0,0.0,0.0,1.0,2.0,0.0
404044,2.0,2.0,0.0,0.0,2.0,2.0,0.0
404275,0.0,2.0,0.0,0.0,2.0,2.0,0.0
404465,0.0,0.0,0.0,0.0,2.0,2.0,0.0
404533,0.0,0.0,0.0,0.0,2.0,0.0,0.0
404544,0.0,0.0,0.0,0.0,0.0,0.0,0.0
404959,2.0,0.0,0.0,0.0,0.0,0.0,0.0
405459,0.0,0.0,0.0,0.0,0.0,0.0,0.0
405602,0.0,0.0,0.0,0.0,1.0,0.0,0.0
405912,0.0,0.0,0.0,0.0,1.0,1.0,0.0
406102,0.0,0.0,0.0,0.0,0.0,1.0,0.0
406172,0.0,0.0,1.0,0.0,0.0,1.0,0.0
406412,0.0,0.0,1.0,0.0,0.0,0.0,0.0
406664,0.0,0.0,1.0,0.0,0.0,1.0,0.0
407164,0.0,0.0,1.0,0.0,0.0,0.0,0.0
407843,0.0,0.0,1.0,0.0,0.0,1.0,0.0
408343,0.0,0.0,1.0,0.0,0.0,0.0,0.0
408401,0.0,0.0,1.0,0.0,0.0,1.0,0.0
408901,0.0,0.0,1.0,0.0,0.0,0.0,0.0
409131,0.0,0.0,2.0,0.0,0.0,0.0,0.0
409160,0.0,0.0,2.0,0.0,0.0,1.0,0.0
409631,0.0,0.0,0.0,0.0,0.0,1.0,0.0
409660,0.0,0.0,0.0,0.0,0.0,0.0,0.0
409945,0.0,0.0,0.0,0.0,0.0,1.0,0.0
410445,0.0,0.0,0.0,0.0,0.0,0.0,0.0
413232,0.0,0.0,0.0,0.0,0.0,1.0,0.0
413241,0.0,0.0,0.0,0.0,0.0,2.0,0.0
413741,0.0,0.0,0.0,0.0,0.0,0.0,0.0
415034,0.0,0.0,0.0,0.0,0.0,1.0,0.0
415534,0.0,0.0,0.0,0.0,0.0,0.0,0.0
416142,0.0,0.0,0.0,0.0,0.0,1.0,0.0
416642,0.0,0.0,0.0,0.0,0.0,0.0,0.0
417337,0.0,0.0,0.0,0.0,0.0,1.0,0.0
417837,0.0,0.0,0.0,0.0,0.0,0.0,0.0
417886,0.0,0.0,0.0,0.0,0.0,1.0,0.0
417918,0.0,0.0,0.0,0.0,0.0,2.0,0.0
418418,0.0,0.0,0.0,0.0,0.0,0.0,0.0
418694,0.0,0.0,0.0,0.0,0.0,1.0,0.0
419194,0.0,0.0,0.0,0.0,0.0,0.0,0.0
420315,0.0,0.0,0.0,0.0,0.0,1.0,0.0
420324,0.0,0.0,0.0,0.0,0.0,2.0,0.0
420824,0.0,0.0,0.0,0.0,0.0,0.0,0.0
421267,0.0,0.0,0.0,0.0,0.0,1.0,0.0
421363,0.0,0.0,0.0,0.0,0.0,2.0,0.0
421863,0.0,0.0,0.0,0.0,0.0,0.0,0.0
424037,0.0,0.0,0.0,0.0,0.0,1.0,0.0
424045,0.0,0.0,0.0,0.0,0.0,2.0,0.0
424545,0.0,0.0,0.0,0.0,0.0,0.0,0.0
424584,0.0,0.0,0.0,0.0,0.0,1.0,0.0
424586,0.0,0.0,0.0,0.0,0.0,2.0,0.0
425086,0.0,0.0,0.0,0.0,0.0,0.0,0.0
425279,0.0,0.0,0.0,0.0,0.0,1.0,0.0
425779,0.0,0.0,0.0,0.0,0.0,0.0,0.0
427133,0.0,0.0,0.0,0.0,0.0,1.0,0.0
427577,0.0,0.0,0.0,0.0,0.0,2.0,0.0
427650,0.0,0.0,0.0,0.0,1.0,2.0,0.0
428077,0.0,0.0,0.0,0.0,1.0,0.0,0.0
428141,0.0,0.0,0.0,0.0,1.0,1.0,0.0
428150,0.0,0.0,0.0,0.0,0.0,1.0,0.0
428641,0.0,0.0,0.0,0.0,0.0,0.0,0.0
429135,0.0,0.0,0.0,0.0,0.0,1.0,0.0
429177,0.0,2.0,0.0,0.0,0.0,1.0,0.0
429635,0.0,2.0,0.0,0.0,0.0,0.0,0.0
429677,0.0,0.0,0.0,0.0,0.0,0.0,0.0
429788,0.0,0.0,0.0,0.0,0.0,1.0,0.0
430288,0.0,0.0,0.0,0.0,0.0,0.0,0.0
430674,0.0,0.0,0.0,0.0,0.0,1.0,0.0
431174,0.0,0.0,0.0,0.0,0.0,0.0,0.0
431552,0.0,0.0,0.0,0.0,0.0,1.0,0.0
432052,0.0,0.0,0.0,0.0,0.0,0.0,0.0
432109,0.0,0.0,0.0,0.0,0.0,1.0,0.0
432111,0.0,0.0,0.0,0.0,0.0,2.0,0.0
432611,0.0,0.0,0.0,0.0,0.0,0.0,0.0
433504,0.0,0.0,0.0,0.0,0.0,1.0,0.0
433510,0.0,0.0,0.0,0.0,0.0,2.0,0.0
434010,0.0,0.0,0.0,0.0,0.0,0.0,0.0
434628,0.0,0.0,0.0,0.0,0.0,1.0,0.0
434760,0.0,0.0,0.0,0.0,0.0,2.0,0.0
435260,0.0,0.0,0.0,0.0,0.0,0.0,0.0
435584,0.0,0.0,0.0,0.0,0.0,1.0,0.0
435590,0.0,0.0,1.0,0.0,0.0,1.0,0.0
436084,0.0,0.0,1.0,0.0,0.0,0.0,0.0
436090,0.0,0.0,0.0,0.0,0.0,0.0,0.0
436115,0.0,0.0,1.0,0.0,0.0,0.0,0.0
436398,0.0,0.0,1.0,0.0,0.0,1.0,0.0
436407,0.0,0.0,1.0,0.0,0.0,2.0,0.0
436615,0.0,0.0,0.0,0.0,0.0,2.0,0.0
436719,0.0,0.0,1.0,0.0,0.0,2.0,0.0
436907,0.0,0.0,1.0,0.0,0.0,0.0,0.0
437219,0.0,0.0,0.0,0.0,0.0,1.0,0.0
437719,0.0,0.0,0.0,0.0,0.0,0.0,0.0
437764,0.0,0.0,0.0,0.0,0.0,1.0,0.0
438120,0.0,0.0,0.0,0.0,0.0,2.0,0.0
438620,0.0,0.0,0.0,0.0,0.0,0.0,0.0
439004,0.0,0.0,0.0,0.0,0.0,1.0,0.0
439014,0.0,0.0,0.0,0.0,0.0,2.0,0.0
439514,0.0,0.0,0.0,0.0,0.0,0.0,0.0
439986,0.0,0.0,0.0,0.0,0.0,1.0,0.0
440486,0.0,0.0,0.0,0.0,0.0,0.0,0.0
440577,0.0,0.0,0.0,0.0,0.0,1.0,0.0
440582,0.0,0.0,0.0,0.0,0.0,2.0,0.0
441082,0.0,0.0,0.0,0.0,0.0,0.0,0.0
441234,0.0,0.0,0.0,0.0,0.0,1.0,0.0
441734,0.0,0.0,0.0,0.0,0.0,0.0,0.0
442574,0.0,0.0,0.0,0.0,0.0,1.0,0.0
443074,0.0,0.0,0.0,0.0,0.0,0.0,0.0
443380,0.0,0.0,0.0,0.0,0.0,1.0,0.0
443389,0.0,0.0,0.0,0.0,0.0,2.0,0.0
443889,0.0,0.0,0.0,0.0,0.0,0.0,0.0
444661,0.0,0.0,0.0,0.0,0.0,1.0,0.0
444672,0.0,0.0,0.0,0.0,0.0,2.0,0.0
445172,0.0,0.0,0.0,0.0,0.0,0.0,0.0
445325,0.0,0.0,0.0,0.0,0.0,1.0,0.0
445825,0.0,0.0,0.0,0.0,0.0,0.0,0.0
446275,0.0,0.0,0.0,0.0,0.0,1.0,0.0
446775,0.0,0.0,0.0,0.0,0.0,0.0,0.0
447534,0.0,0.0,0.0,0.0,0.0,1.0,0.0
448034,0.0,0.0,0.0,0.0,0.0,0.0,0.0
448322,0.0,0.0,0.0,0.0,0.0,1.0,0.0
448822,0.0,0.0,0.0,0.0,0.0,0.0,0.0
449058,0.0,0.0,0.0,0.0,0.0,1.0,0.0
449558,0.0,0.0,0.0,0.0,0.0,0.0,0.0
449624,0.0,0.0,0.0,0.0,0.0,1.0,0.0
450124,0.0,0.0,0.0,0.0,0.0,0.0,0.0
450187,0.0,0.0,0.0,0.0,0.0,1.0,0.0
450189,0.0,0.0,0.0,0.0,0.0,2.0,0.0
450689,0.0,0.0,0.0,0.0,0.0,0.0,0.0
451823,0.0,0.0,0.0,0.0,0.0,1.0,0.0
451835,0.0,0.0,0.0,0.0,0.0,2.0,0.0
452335,0.0,0.0,0.0,0.0,0.0,0.0,0.0
453223,0.0,0.0,0.0,0.0,0.0,1.0,0.0
453497,0.0,0.0,0.0,0.0,0.0,2.0,0.0
453997,0.0,0.0,0.0,0.0,0.0,0.0,0.0
454211,0.0,0.0,0.0,0.0,0.0,1.0,0.0
454711,0.0,0.0,0.0,0.0,0.0,0.0,0.0
454905,0.0,0.0,0.0,0.0,0.0,1.0,0.0
455405,0.0,0.0,0.0,0.0,0.0,0.0,0.0
455437,0.0,0.0,0.0,0.0,0.0,1.0,0.0
455569,0.0,0.0,0.0,0.0,0.0,2.0,0.0
456069,0.0,0.0,0.0,0.0,0.0,0.0,0.0
456152,0.0,0.0,0.0,0.0,0.0,1.0,0.0
456652,0.0,0.0,0.0,0.0,0.0,0.0,0.0
456665,0.0,0.0,0.0,0.0,0.0,1.0,0.0
457165,0.0,0.0,0.0,0.0,0.0,0.0,0.0
457534,0.0,0.0,0.0,0.0,0.0,1.0,0.0
458034,0.0,0.0,0.0,0.0,0.0,0.0,0.0
458372,0.0,0.0,0.0,0.0,0.0,1.0,0.0
458377,0.0,0.0,0.0,0.0,0.0,2.0,0.0
458877,0.0,0.0,0.0,0.0,0.0,0.0,0.0
459580,0.0,0.0,0.0,0.0,0.0,1.0,0.0
460080,0.0,0.0,0.0,0.0,0.0,0.0,0.0
460478,0.0,0.0,0.0,0.0,0.0,1.0,0.0
460978,0.0,0.0,0.0,0.0,0.0,0.0,0.0
461344,0.0,0.0,0.0,0.0,0.0,1.0,0.0
461844,0.0,0.0,0.0,0.0,0.0,0.0,0.0
462376,0.0,0.0,0.0,0.0,0.0,1.0,0.0
462400,0.0,0.0,0.0,0.0,0.0,2.0,0.0
462900,0.0,0.0,0.0,0.0,0.0,0.0,0.0
463303,0.0,0.0,0.0,0.0,0.0,1.0,0.0
463639,0.0,0.0,0.0,0.0,0.0,2.0,0.0
464139,0.0,0.0,0.0,0.0,0.0,0.0,0.0
464523,0.0,2.0,0.0,0.0,0.0,0.0,0.0
464532,0.0,2.0,0.0,0.0,0.0,1.0,0.0
465023,0.0,0.0,0.0,0.0,0.0,1.0,0.0
465032,0.0,0.0,0.0,0.0,0.0,0.0,0.0
465673,0.0,0.0,0.0,0.0,0.0,1.0,0.0
466100,0.0,0.0,0.0,0.0,0.0,2.0,0.0
466600,0.0,0.0,0.0,0.0,0.0,0.0,0.0
466788,0.0,0.0,0.0,0.0,0.0,1.0,0.0
466790,0.0,0.0,0.0,0.0,0.0,2.0,0.0
467290,0.0,0.0,0.0,0.0,0.0,0.0,0.0
467926,0.0,0.0,0.0,0.0,0.0,1.0,0.0
467941,0.0,0.0,0.0,0.0,0.0,2.0,0.0
468441,0.0,0.0,0.0,0.0,0.0,0.0,0.0
468660,0.0,0.0,0.0,0.0,0.0,1.0,0.0
469160,0.0,0.0,0.0,0.0,0.0,0.0,0.0
469824,0.0,0.0,0.0,0.0,0.0,1.0,0.0
470324,0.0,0.0,0.0,0.0,0.0,0.0,0.0
470550,0.0,0.0,0.0,0.0,1.0,1.0,0.0
471035,0.0,0.0,0.0,0.0,1.0,2.0,0.0
471050,0.0,0.0,0.0,0.0,0.0,2.0,0.0
471535,0.0,0.0,0.0,0.0,0.0,0.0,0.0
474267,0.0,0.0,0.0,0.0,0.0,1.0,0.0
474767,0.0,0.0,0.0,0.0,0.0,0.0,0.0
474913,0.0,0.0,0.0,0.0,0.0,1.0,0.0
475105,0.0,0.0,0.0,0.0,0.0,2.0,0.0
475605,0.0,0.0,0.0,0.0,0.0,0.0,0.0
476467,0.0,0.0,0.0,0.0,0.0,1.0,0.0
476669,0.0,0.0,0.0,0.0,0.0,2.0,0.0
477169,0.0,0.0,0.0,0.0,0.0,0.0,0.0
477250,0.0,0.0,0.0,0.0,0.0,1.0,0.0
477255,0.0,0.0,0.0,0.0,0.0,2.0,0.0
477755,0.0,0.0,0.0,0.0,0.0,0.0,0.0
478041,0.0,0.0,0.0,0.0,0.0,1.0,0.0
478541,0.0,0.0,0.0,0.0,0.0,0.0,0.0
479326,0.0,0.0,0.0,0.0,0.0,1.0,0.0
479826,0.0,0.0,0.0,0.0,0.0,0.0,0.0
480150,0.0,0.0,0.0,0.0,0.0,1.0,0.0
480290,0.0,0.0,0.0,0.0,0.0,2.0,0.0
480790,0.0,0.0,0.0,0.0,0.0,0.0,0.0
480992,0.0,0.0,0.0,0.0,0.0,1.0,0.0
481552,0.0,0.0,0.0,0.0,0.0,2.0,0.0
482052,0.0,0.0,0.0,0.0,0.0,0.0,0.0
482384,0.0,0.0,0.0,0.0,0.0,1.0,0.0
482884,0.0,0.0,0.0,0.0,0.0,0.0,0.0
483230,0.0,0.0,0.0,0.0,0.0,1.0,0.0
483241,0.0,0.0,0.0,0.0,0.0,2.0,0.0
483714,0.0,0.0,0.0,0.0,1.0,2.0,0.0
483719,0.0,0.0,0.0,0.0,2.0,2.0,0.0
483741,0.0,0.0,0.0,0.0,2.0,0.0,0.0
484067,0.0,0.0,0.0,0.0,2.0,1.0,0.0
484219,0.0,0.0,0.0,0.0,0.0,1.0,0.0
484567,0.0,0.0,0.0,0.0,0.0,0.0,0.0
484887,0.0,0.0,0.0,0.0,0.0,1.0,0.0
485083,0.0,0.0,0.0,0.0,0.0,2.0,0.0
485583,0.0,0.0,0.0,0.0,0.0,0.0,0.0
485615,0.0,0.0,0.0,0.0,0.0,1.0,0.0
486115,0.0,0.0,0.0,0.0,0.0,0.0,0.0
486348,0.0,0.0,0.0,0.0,0.0,1.0,0.0
486376,0.0,0.0,0.0,0.0,0.0,2.0,0.0
486876,0.0,0.0,0.0,0.0,0.0,0.0,0.0
487114,0.0,0.0,0.0,0.0,0.0,1.0,0.0
487335,0.0,0.0,0.0,0.0,0.0,2.0,0.0
487835,0.0,0.0,0.0,0.0,0.0,0.0,0.0
488395,0.0,0.0,0.0,0.0,0.0,1.0,0.0
488895,0.0,0.0,0.0,0.0,0.0,0.0,0.0
488940,0.0,0.0,0.0,0.0,0.0,1.0,0.0
489248,0.0,0.0,0.0,0.0,0.0,2.0,0.0
489675,0.0,0.0,0.0,0.0,1.0,2.0,0.0
489748,0.0,0.0,0.0,0.0,1.0,0.0,0.0
490175,0.0,0.0,0.0,0.0,0.0,0.0,0.0
490350,0.0,0.0,0.0,0.0,0.0,1.0,0.0
490378,0.0,0.0,0.0,0.0,1.0,1.0,0.0
490850,0.0,0.0,0.0,0.0,1.0,0.0,0.0
490878,0.0,0.0,0.0,0.0,0.0,0.0,0.0
491464,0.0,0.0,0.0,0.0,0.0,1.0,0.0
491712,0.0,0.0,0.0,0.0,0.0,2.0,0.0
492212,0.0,0.0,0.0,0.0,0.0,0.0,0.0
492515,0.0,0.0,0.0,0.0,0.0,1.0,0.0
493015,0.0,0.0,0.0,0.0,0.0,0.0,0.0
493661,0.0,0.0,0.0,0.0,0.0,1.0,0.0
494161,0.0,0.0,0.0,0.0,0.0,0.0,0.0
494202,0.0,0.0,0.0,0.0,0.0,1.0,0.0
494349,0.0,0.0,0.0,0.0,0.0,2.0,0.0
494849,0.0,0.0,0.0,0.0,0.0,0.0,0.0
495303,0.0,0.0,0.0,0.0,0.0,1.0,0.0
495707,0.0,0.0,0.0,0.0,0.0,2.0,0.0
496207,0.0,0.0,0.0,0.0,0.0,0.0,0.0
496511,0.0,0.0,0.0,0.0,0.0,1.0,0.0
497011,0.0,0.0,0.0,0.0,0.0,0.0,0.0
499344,0.0,0.0,0.0,0.0,0.0,1.0,0.0
499346,0.0,0.0,0.0,0.0,1.0,2.0,0.0
499846,0.0,0.0,0.0,0.0,0.0,0.0,0.0
500051,0.0,0.0,0.0,0.0,0.0,1.0,0.0
500551,0.0,0.0,0.0,0.0,0.0,0.0,0.0
500836,0.0,2.0,0.0,0.0,0.0,0.0,0.0
501336,0.0,0.0,0.0,0.0,0.0,0.0,0.0
501695,0.0,0.0,0.0,0.0,0.0,1.0,0.0
502195,0.0,0.0,0.0,0.0,0.0,0.0,0.0
502952,0.0,0.0,0.0,0.0,0.0,1.0,0.0
503069,0.0,0.0,0.0,0.0,0.0,2.0,0.0
503569,0.0,0.0,0.0,0.0,0.0,0.0,0.0
504767,0.0,0.0,0.0,0.0,0.0,1.0,0.0
505267,0.0,0.0,0.0,0.0,0.0,0.0,0.0
507845,0.0,0.0,0.0,0.0,1.0,0.0,0.0
508345,0.0,0.0,0.0,0.0,0.0,0.0,0.0
508686,0.0,0.0,0.0,0.0,0.0,1.0,0.0
509186,0.0,0.0,0.0,0.0,0.0,0.0,0.0
510957,0.0,0.0,0.0,0.0,0.0,1.0,0.0
511457,0.0,0.0,0.0,0.0,0.0,0.0,0.0
511935,0.0,0.0,0.0,0.0,0.0,1.0,0.0
512435,0.0,0.0,0.0,0.0,0.0,0.0,0.0
513437,0.0,0.0,0.0,0.0,0.0,1.0,0.0
513937,0.0,0.0,0.0,0.0,0.0,0.0,0.0
513938,0.0,0.0,0.0,0.0,0.0,1.0,0.0
514438,0.0,0.0,0.0,0.0,0.0,0.0,0.0
518034,0.0,0.0,0.0,0.0,0.0,1.0,0.0
518190,0.0,0.0,0.0,0.0,1.0,1.0,0.0
518534,0.0,0.0,0.0,0.0,1.0,0.0,0.0
518690,0.0,0.0,0.0,0.0,0.0,0.0,0.0
519507,0.0,0.0,0.0,0.0,0.0,1.0,0.0
520007,0.0,0.0,0.0,0.0,0.0,0.0,0.0
520024,0.0,0.0,0.0,0.0,0.0,1.0,0.0
520524,0.0,0.0,0.0,0.0,0.0,0.0,0.0
522754,0.0,0.0,0.0,0.0,0.0,1.0,0.0
522907,0.0,0.0,0.0,0.0,0.0,2.0,0.0
523407,0.0,0.0,0.0,0.0,0.0,0.0,0.0
525414,0.0,0.0,0.0,0.0,0.0,1.0,0.0
525914,0.0,0.0,0.0,0.0,0.0,0.0,0.0
529447,0.0,0.0,0.0,0.0,0.0,1.0,0.0
529947,0.0,0.0,0.0,0.0,0.0,0.0,0.0
532711,0.0,0.0,0.0,0.0,0.0,1.0,0.0
533211,0.0,0.0,0.0,0.0,0.0,0.0,0.0
542862,0.0,0.0,0.0,0.0,0.0,1.0,0.0
543362,0.0,0.0,0.0,0.0,0.0,0.0,0.0
545744,0.0,0.0,0.0,0.0,0.0,1.0,0.0
545746,0.0,0.0,0.0,0.0,0.0,2.0,0.0
546246,0.0,0.0,0.0,0.0,0.0,0.0,0.0
549601,0.0,0.0,0.0,0.0,0.0,1.0,0.0
550101,0.0,0.0,0.0,0.0,0.0,0.0,0.0
550467,0.0,0.0,0.0,0.0,0.0,1.0,0.0
550967,0.0,0.0,0.0,0.0,0.0,0.0,0.0
551132,0.0,0.0,0.0,0.0,0.0,1.0,0.0
551632,0.0,0.0,0.0,0.0,0.0,0.0,0.0
552530,0.0,0.0,0.0,0.0,0.0,1.0,0.0
553030,0.0,0.0,0.0,0.0,0.0,0.0,0.0
553518,0.0,0.0,0.0,0.0,0.0,1.0,0.0
554018,0.0,0.0,0.0,0.0,0.0,0.0,0.0
554092,0.0,0.0,0.0,0.0,0.0,1.0,0.0
554592,0.0,0.0,0.0,0.0,0.0,0.0,0.0
554683,0.0,0.0,0.0,0.0,0.0,1.0,0.0
555183,0.0,0.0,0.0,0.0,0.0,0.0,0.0
555654,0.0,0.0,0.0,0.0,0.0,1.0,0.0
556154,0.0,0.0,0.0,0.0,0.0,0.0,0.0
556359,0.0,0.0,0.0,0.0,0.0,1.0,0.0
556859,0.0,0.0,0.0,0.0,0.0,0.0,0.0
556949,0.0,0.0,0.0,0.0,0.0,1.0,0.0
557449,0.0,0.0,0.0,0.0,0.0,0.0,0.0
558086,0.0,0.0,0.0,0.0,0.0,1.0,0.0
558087,0.0,0.0,0.0,0.0,0.0,2.0,0.0
558587,0.0,0.0,0.0,0.0,0.0,0.0,0.0
559724,0.0,0.0,0.0,0.0,0.0,1.0,0.0
560224,0.0,0.0,0.0,0.0,0.0,0.0,0.0
562725,0.0,0.0,0.0,0.0,0.0,1.0,0.0
562762,0.0,0.0,0.0,0.0,0.0,2.0,0.0
563262,0.0,0.0,0.0,0.0,0.0,0.0,0.0
564857,0.0,0.0,0.0,0.0,0.0,1.0,0.0
565357,0.0,0.0,0.0,0.0,0.0,0.0,0.0
566733,0.0,0.0,0.0,0.0,0.0,1.0,0.0
567233,0.0,0.0,0.0,0.0,0.0,0.0,0.0
568642,0.0,0.0,0.0,0.0,0.0,1.0,0.0
569142,0.0,0.0,0.0,0.0,0.0,0.0,0.0
569973,0.0,0.0,0.0,0.0,1.0,0.0,0.0
570473,0.0,0.0,0.0,0.0,0.0,0.0,0.0
571083,0.0,0.0,0.0,0.0,0.0,1.0,0.0
571096,0.0,0.0,0.0,0.0,0.0,2.0,0.0
571596,0.0,0.0,0.0,0.0,0.0,0.0,0.0
572948,0.0,0.0,0.0,0.0,0.0,1.0,0.0
572950,0.0,0.0,0.0,0.0,0.0,2.0,0.0
573450,0.0,0.0,0.0,0.0,0.0,0.0,0.0
574456,0.0,0.0,0.0,0.0,0.0,1.0,0.0
574956,0.0,0.0,0.0,0.0,0.0,0.0,0.0
577094,0.0,0.0,0.0,0.0,0.0,1.0,0.0
577099,0.0,0.0,0.0,0.0,0.0,2.0,0.0
577599,0.0,0.0,0.0,0.0,0.0,0.0,0.0
580778,0.0,0.0,0.0,0.0,0.0,1.0,0.0
580781,0.0,0.0,0.0,0.0,0.0,2.0,0.0
581281,0.0,0.0,0.0,0.0,0.0,0.0,0.0
584049,0.0,0.0,0.0,0.0,0.0,1.0,0.0
584549,0.0,0.0,0.0,0.0,0.0,0.0,0.0
584664,0.0,0.0,0.0,0.0,0.0,1.0,0.0
585164,0.0,0.0,0.0,0.0,0.0,0.0,0.0
586291,0.0,0.0,0.0,0.0,0.0,1.0,0.0
586791,0.0,0.0,0.0,0.0,0.0,0.0,0.0
588764,0.0,0.0,0.0,0.0,0.0,1.0,0.0
589264,0.0,0.0,0.0,0.0,0.0,0.0,0.0
591273,0.0,0.0,0.0,0.0,0.0,1.0,0.0
591773,0.0,0.0,0.0,0.0,0.0,0.0,0.0
593622,0.0,0.0,0.0,0.0,0.0,1.0,0.0
594122,0.0,0.0,0.0,0.0,0.0,0.0,0.0
594790,0.0,0.0,0.0,0.0,0.0,1.0,0.0
595290,0.0,0.0,0.0,0.0,0.0,0.0,0.0
595326,0.0,0.0,0.0,0.0,0.0,1.0,0.0
595826,0.0,0.0,0.0,0.0,0.0,0.0,0.0
597919,0.0,0.0,0.0,0.0,0.0,1.0,0.0
598419,0.0,0.0,0.0,0.0,0.0,0.0,0.0
600076,0.0,0.0,0.0,0.0,0.0,1.0,0.0
600576,0.0,0.0,0.0,0.0,0.0,0.0,0.0
601223,0.0,0.0,0.0,0.0,0.0,1.0,0.0
601723,0.0,0.0,0.0,0.0,0.0,0.0,0.0
601734,0.0,0.0,0.0,0.0,0.0,1.0,0.0
602234,0.0,0.0,0.0,0.0,0.0,0.0,0.0
602600,0.0,0.0,0.0,0.0,0.0,1.0,0.0
603100,0.0,0.0,0.0,0.0,0.0,0.0,0.0
603305,0.0,0.0,0.0,0.0,0.0,1.0,0.0
603805,0.0,0.0,0.0,0.0,0.0,0.0,0.0
604798,0.0,0.0,0.0,0.0,0.0,1.0,0.0
605000,0.0,0.0,0.0,0.0,0.0,1.0,1.0
605298,0.0,0.0,0.0,0.0,0.0,0.0,1.0
605435,0.0,0.0,0.0,0.0,0.0,1.0,1.0
605500,0.0,0.0,0.0,0.0,0.0,1.0,0.0
605608,0.0,0.0,0.0,0.0,0.0,2.0,0.0
605663,2.0,0.0,0.0,0.0,0.0,2.0,0.0
605835,2.0,2.0,0.0,0.0,0.0,2.0,0.0
606108,2.0,2.0,0.0,0.0,0.0,0.0,0.0
606163,0.0,2.0,0.0,0.0,0.0,0.0,0.0
606207,2.0,2.0,0.0,0.0,0.0,0.0,0.0
606335,2.0,0.0,0.0,0.0,0.0,0.0,0.0
606603,2.0,0.0,0.0,0.0,1.0,0.0,0.0
606707,0.0,0.0,0.0,0.0,1.0,0.0,0.0
606742,0.0,0.0,0.0,0.0,2.0,0.0,0.0
606815,2.0,0.0,0.0,0.0,2.0,0.0,0.0
607004,2.0,0.0,0.0,0.0,2.0,1.0,0.0
607242,2.0,0.0,0.0,0.0,0.0,1.0,0.0
607315,0.0,0.0,0.0,0.0,0.0,1.0,0.0
607496,0.0,0.0,0.0,0.0,0.0,2.0,0.0
607983,0.0,0.0,1.0,0.0,0.0,2.0,0.0
607996,0.0,0.0,1.0,0.0,0.0,0.0,0.0
608119,0.0,2.0,1.0,0.0,0.0,0.0,0.0
608120,0.0,2.0,1.0,0.0,0.0,1.0,0.0
608579,0.0,2.0,1.0,0.0,0.0,2.0,0.0
608619,0.0,0.0,1.0,0.0,0.0,2.0,0.0
609079,0.0,0.0,1.0,0.0,0.0,0.0,0.0
609112,0.0,0.0,1.0,0.0,0.0,1.0,0.0
609612,0.0,0.0,1.0,0.0,0.0,0.0,0.0
609946,0.0,0.0,1.0,0.0,0.0,1.0,0.0
610446,0.0,0.0,1.0,0.0,0.0,0.0,0.0
610621,0.0,0.0,2.0,0.0,0.0,0.0,0.0
610686,0.0,2.0,2.0,0.0,0.0,0.0,0.0
610689,0.0,2.0,2.0,0.0,0.0,1.0,0.0
610925,0.0,2.0,2.0,0.0,0.0,2.0,0.0
611121,0.0,2.0,0.0,0.0,0.0,2.0,0.0
611186,0.0,0.0,0.0,0.0,0.0,2.0,0.0
611425,0.0,0.0,0.0,0.0,0.0,0.0,0.0
611621,0.0,0.0,0.0,0.0,0.0,1.0,0.0
611745,0.0,0.0,1.0,0.0,0.0,1.0,0.0
612121,0.0,0.0,1.0,0.0,0.0,0.0,0.0
612745,0.0,0.0,0.0,0.0,0.0,0.0,0.0
613108,0.0,0.0,0.0,0.0,0.0,1.0,0.0
613110,0.0,0.0,0.0,0.0,0.0,2.0,0.0
613610,0.0,0.0,0.0,0.0,0.0,0.0,0.0
615311,0.0,0.0,0.0,0.0,0.0,1.0,0.0
615811,0.0,0.0,0.0,0.0,0.0,0.0,0.0
615854,0.0,0.0,0.0,0.0,0.0,1.0,0.0
616354,0.0,0.0,0.0,0.0,0.0,0.0,0.0
616603,0.0,0.0,0.0,0.0,0.0,1.0,0.0
617103,0.0,0.0,0.0,0.0,0.0,0.0,0.0
617143,0.0,0.0,0.0,0.0,0.0,1.0,0.0
617643,0.0,0.0,0.0,0.0,0.0,0.0,0.0
617884,0.0,0.0,0.0,0.0,0.0,1.0,0.0
618384,0.0,0.0,0.0,0.0,0.0,0.0,0.0
618612,0.0,0.0,0.0,0.0,0.0,1.0,0.0
618619,0.0,0.0,0.0,0.0,0.0,2.0,0.0
619119,0.0,0.0,0.0,0.0,0.0,0.0,0.0
619454,0.0,0.0,0.0,0.0,0.0,1.0,0.0
619766,0.0,0.0,1.0,0.0,0.0,1.0,0.0
619954,0.0,0.0,1.0,0.0,0.0,0.0,0.0
620266,0.0,0.0,0.0,0.0,0.0,0.0,0.0
620348,0.0,0.0,0.0,0.0,0.0,1.0,0.0
620848,0.0,0.0,0.0,0.0,0.0,0.0,0.0
620967,0.0,0.0,0.0,0.0,0.0,1.0,0.0
621467,0.0,0.0,0.0,0.0,0.0,0.0,0.0
621876,0.0,0.0,0.0,0.0,0.0,1.0,0.0
621878,0.0,0.0,0.0,0.0,0.0,2.0,0.0
622378,0.0,0.0,0.0,0.0,0.0,0.0,0.0
622419,0.0,0.0,0.0,0.0,0.0,1.0,0.0
622919,0.0,0.0,0.0,0.0,0.0,0.0,0.0
623060,0.0,0.0,0.0,0.0,0.0,1.0,0.0
623560,0.0,0.0,0.0,0.0,0.0,0.0,0.0
626249,0.0,0.0,0.0,0.0,0.0,1.0,0.0
626749,0.0,0.0,0.0,0.0,0.0,0.0,0.0
626947,0.0,0.0,0.0,0.0,0.0,1.0,0.0
627447,0.0,0.0,0.0,0.0,0.0,0.0,0.0
628592,0.0,0.0,0.0,0.0,0.0,1.0,0.0
629092,0.0,0.0,0.0,0.0,0.0,0.0,0.0
629391,0.0,0.0,0.0,0.0,1.0,1.0,0.0
629393,0.0,0.0,0.0,0.0,2.0,2.0,0.0
629893,0.0,0.0,0.0,0.0,0.0,0.0,0.0
630897,0.0,0.0,0.0,0.0,0.0,1.0,0.0
631397,0.0,0.0,0.0,0.0,0.0,0.0,0.0
631613,0.0,0.0,0.0,0.0,0.0,1.0,0.0
632113,0.0,0.0,0.0,0.0,0.0,0.0,0.0
632384,0.0,0.0,0.0,0.0,0.0,1.0,0.0
632884,0.0,0.0,0.0,0.0,0.0,0.0,0.0
633261,0.0,0.0,0.0,0.0,0.0,1.0,0.0
633263,0.0,0.0,0.0,0.0,0.0,2.0,0.0
633763,0.0,0.0,0.0,0.0,0.0,0.0,0.0
633784,0.0,0.0,0.0,0.0,0.0,1.0,0.0
634284,0.0,0.0,0.0,0.0,0.0,0.0,0.0
636266,0.0,0.0,0.0,0.0,0.0,1.0,0.0
636766,0.0,0.0,0.0,0.0,0.0,0.0,0.0
636862,0.0,0.0,0.0,0.0,0.0,1.0,0.0
637362,0.0,0.0,0.0,0.0,0.0,0.0,0.0
637612,0.0,0.0,0.0,0.0,0.0,1.0,0.0
637614,0.0,0.0,0.0,0.0,0.0,2.0,0.0
638114,0.0,0.0,0.0,0.0,0.0,0.0,0.0
638458,0.0,0.0,0.0,0.0,0.0,1.0,0.0
638462,0.0,0.0,0.0,0.0,0.0,2.0,0.0
638962,0.0,0.0,0.0,0.0,0.0,0.0,0.0
639004,0.0,0.0,0.0,0.0,0.0,1.0,0.0
639065,0.0,0.0,0.0,0.0,0.0,2.0,0.0
639565,0.0,0.0,0.0,0.0,0.0,0.0,0.0
639566,0.0,0.0,0.0,0.0,0.0,1.0,0.0
639568,0.0,0.0,0.0,0.0,0.0,2.0,0.0
640068,0.0,0.0,0.0,0.0,0.0,0.0,0.0
640654,0.0,0.0,0.0,0.0,0.0,1.0,0.0
640965,0.0,0.0,0.0,0.0,0.0,2.0,0.0
641465,0.0,0.0,0.0,0.0,0.0,0.0,0.0
641786,0.0,0.0,0.0,0.0,0.0,1.0,0.0
641803,0.0,0.0,0.0,0.0,0.0,2.0,0.0
642303,0.0,0.0,0.0,0.0,0.0,0.0,0.0
644968,0.0,0.0,0.0,0.0,0.0,1.0,0.0
645468,0.0,0.0,0.0,0.0,0.0,0.0,0.0
646206,0.0,0.0,0.0,0.0,0.0,1.0,0.0
646706,0.0,0.0,0.0,0.0,0.0,0.0,0.0
648311,0.0,0.0,0.0,0.0,0.0,1.0,0.0
648315,0.0,0.0,0.0,0.0,0.0,2.0,0.0
648815,0.0,0.0,0.0,0.0,0.0,0.0,0.0
648858,0.0,0.0,0.0,0.0,0.0,1.0,0.0
649358,0.0,0.0,0.0,0.0,0.0,0.0,0.0
649528,0.0,0.0,0.0,0.0,0.0,1.0,0.0
650028,0.0,0.0,0.0,0.0,0.0,0.0,0.0
650954,0.0,0.0,0.0,0.0,0.0,1.0,0.0
650980,0.0,0.0,0.0,0.0,0.0,2.0,0.0
651480,0.0,0.0,0.0,0.0,0.0,0.0,0.0
654251,0.0,0.0,0.0,0.0,0.0,1.0,0.0
654751,0.0,0.0,0.0,0.0,0.0,0.0,0.0
654788,0.0,0.0,0.0,0.0,0.0,1.0,0.0
655288,0.0,0.0,0.0,0.0,0.0,0.0,0.0
656121,0.0,0.0,0.0,0.0,0.0,1.0,0.0
656621,0.0,0.0,0.0,0.0,0.0,0.0,0.0
656831,0.0,0.0,0.0,0.0,0.0,1.0,0.0
656833,0.0,0.0,0.0,0.0,0.0,2.0,0.0
657333,0.0,0.0,0.0,0.0,0.0,0.0,0.0
657423,0.0,0.0,0.0,0.0,0.0,1.0,0.0
657542,0.0,0.0,0.0,0.0,0.0,2.0,0.0
658042,0.0,0.0,0.0,0.0,0.0,0.0,0.0
658262,0.0,0.0,0.0,0.0,0.0,1.0,0.0
658762,0.0,0.0,0.0,0.0,0.0,0.0,0.0
659571,0.0,0.0,0.0,0.0,0.0,1.0,0.0
660071,0.0,0.0,0.0,0.0,0.0,0.0,0.0
660561,0.0,0.0,0.0,0.0,0.0,1.0,0.0
660565,0.0,0.0,0.0,0.0,0.0,2.0,0.0
661065,0.0,0.0,0.0,0.0,0.0,0.0,0.0
661485,0.0,0.0,0.0,0.0,0.0,1.0,0.0
661985,0.0,0.0,0.0,0.0,0.0,0.0,0.0
663634,0.0,0.0,0.0,0.0,0.0,1.0,0.0
664134,0.0,0.0,0.0,0.0,0.0,0.0,0.0
664929,0.0,0.0,0.0,0.0,0.0,1.0,0.0
665429,0.0,0.0,0.0,0.0,0.0,0.0,0.0
666184,0.0,0.0,0.0,0.0,0.0,1.0,0.0
666684,0.0,0.0,0.0,0.0,0.0,0.0,0.0
667367,0.0,2.0,0.0,0.0,0.0,0.0,0.0
667867,0.0,0.0,0.0,0.0,0.0,0.0,0.0
668459,0.0,0.0,0.0,0.0,0.0,1.0,0.0
668959,0.0,0.0,0.0,0.0,0.0,0.0,0.0
669292,0.0,0.0,0.0,0.0,0.0,1.0,0.0
669301,0.0,0.0,0.0,0.0,0.0,2.0,0.0
669801,0.0,0.0,0.0,0.0,0.0,0.0,0.0
670298,0.0,0.0,0.0,0.0,0.0,1.0,0.0
670310,0.0,0.0,0.0,0.0,0.0,2.0,0.0
670810,0.0,0.0,0.0,0.0,0.0,0.0,0.0
671684,0.0,0.0,0.0,0.0,0.0,1.0,0.0
672184,0.0,0.0,0.0,0.0,0.0,0.0,0.0
672934,0.0,0.0,0.0,0.0,0.0,1.0,0.0
672944,0.0,0.0,0.0,0.0,0.0,2.0,0.0
673444,0.0,0.0,0.0,0.0,0.0,0.0,0.0
674772,0.0,0.0,0.0,0.0,0.0,1.0,0.0
675272,0.0,0.0,0.0,0.0,0.0,0.0,0.0
675460,0.0,0.0,0.0,0.0,0.0,1.0,0.0
675463,0.0,0.0,0.0,0.0,0.0,2.0,0.0
675963,0.0,0.0,0.0,0.0,0.0,0.0,0.0
675981,0.0,0.0,0.0,0.0,0.0,1.0,0.0
676481,0.0,0.0,0.0,0.0,0.0,0.0,0.0
677437,0.0,0.0,0.0,0.0,0.0,1.0,0.0
677439,0.0,0.0,0.0,0.0,0.0,2.0,0.0
677939,0.0,0.0,0.0,0.0,0.0,0.0,0.0
678389,0.0,0.0,0.0,0.0,0.0,1.0,0.0
678889,0.0,0.0,0.0,0.0,0.0,0.0,0.0
679276,0.0,0.0,0.0,0.0,0.0,1.0,0.0
679278,0.0,0.0,0.0,0.0,0.0,2.0,0.0
679778,0.0,0.0,0.0,0.0,0.0,0.0,0.0
679885,0.0,0.0,0.0,0.0,0.0,1.0,0.0
680385,0.0,0.0,0.0,0.0,0.0,0.0,0.0
681550,0.0,0.0,0.0,0.0,0.0,1.0,0.0
681561,0.0,0.0,0.0,0.0,0.0,2.0,0.0
682061,0.0,0.0,0.0,0.0,0.0,1.0,0.0
682561,0.0,0.0,0.0,0.0,0.0,0.0,0.0
683393,0.0,0.0,0.0,0.0,0.0,1.0,0.0
683893,0.0,0.0,0.0,0.0,0.0,0.0,0.0
684370,0.0,0.0,0.0,0.0,0.0,1.0,0.0
684870,0.0,0.0,0.0,0.0,0.0,0.0,0.0
684928,0.0,0.0,0.0,0.0,0.0,1.0,0.0
685428,0.0,0.0,0.0,0.0,0.0,0.0,0.0
685586,0.0,0.0,0.0,0.0,0.0,1.0,0.0
685872,0.0,0.0,0.0,0.0,0.0,2.0,0.0
686372,0.0,0.0,0.0,0.0,0.0,0.0,0.0
686870,0.0,0.0,0.0,0.0,0.0,1.0,0.0
687370,0.0,0.0,0.0,0.0,0.0,0.0,0.0
687497,0.0,0.0,0.0,0.0,0.0,1.0,0.0
687997,0.0,0.0,0.0,0.0,0.0,0.0,0.0
688942,0.0,0.0,0.0,0.0,0.0,1.0,0.0
688951,0.0,0.0,0.0,0.0,0.0,2.0,0.0
689451,0.0,0.0,0.0,0.0,0.0,0.0,0.0
689619,0.0,0.0,0.0,0.0,0.0,1.0,0.0
690119,0.0,0.0,0.0,0.0,0.0,0.0,0.0
690190,0.0,0.0,0.0,0.0,0.0,1.0,0.0
690676,0.0,0.0,0.0,0.0,0.0,2.0,0.0
691176,0.0,0.0,0.0,0.0,0.0,0.0,0.0
691519,0.0,0.0,0.0,0.0,0.0,1.0,0.0
691739,0.0,0.0,0.0,0.0,0.0,2.0,0.0
691740,0.0,2.0,0.0,0.0,0.0,2.0,0.0
692239,0.0,2.0,0.0,0.0,0.0,0.0,0.0
692240,0.0,0.0,0.0,0.0,0.0,0.0,0.0
692564,0.0,0.0,0.0,0.0,0.0,1.0,0.0
693064,0.0,0.0,0.0,0.0,0.0,0.0,0.0
693332,0.0,0.0,0.0,0.0,0.0,1.0,0.0
693832,0.0,0.0,0.0,0.0,0.0,0.0,0.0
694318,0.0,0.0,0.0,0.0,0.0,1.0,0.0
694818,0.0,0.0,0.0,0.0,0.0,0.0,0.0
695352,0.0,0.0,0.0,0.0,0.0,1.0,0.0
695852,0.0,0.0,0.0,0.0,0.0,0.0,0.0
695868,0.0,0.0,0.0,0.0,0.0,1.0,0.0
695870,0.0,0.0,0.0,0.0,0.0,2.0,0.0
696370,0.0,0.0,0.0,0.0,0.0,0.0,0.0
696385,0.0,0.0,0.0,0.0,0.0,1.0,0.0
696387,0.0,0.0,0.0,0.0,0.0,2.0,0.0
696887,0.0,0.0,0.0,0.0,0.0,0.0,0.0
697918,0.0,0.0,0.0,0.0,0.0,1.0,0.0
698108,0.0,0.0,0.0,0.0,0.0,2.0,0.0
698608,0.0,0.0,0.0,0.0,0.0,0.0,0.0
699133,0.0,0.0,0.0,0.0,0.0,1.0,0.0
699633,0.0,0.0,0.0,0.0,0.0,0.0,0.0
700008,0.0,0.0,0.0,0.0,0.0,1.0,0.0
700010,0.0,0.0,0.0,0.0,0.0,2.0,0.0
700510,0.0,0.0,0.0,0.0,0.0,0.0,0.0
700909,0.0,0.0,0.0,0.0,0.0,1.0,0.0
701409,0.0,0.0,0.0,0.0,0.0,0.0,0.0
701447,0.0,0.0,0.0,0.0,0.0,1.0,0.0
701947,0.0,0.0,0.0,0.0,0.0,0.0,0.0
702010,0.0,0.0,0.0,0.0,0.0,1.0,0.0
702373,0.0,0.0,0.0,0.0,1.0,1.0,0.0
702416,0.0,0.0,0.0,0.0,1.0,2.0,0.0
702873,0.0,0.0,0.0,0.0,0.0,2.0,0.0
702916,0.0,0.0,0.0,0.0,0.0,0.0,0.0
703183,0.0,0.0,0.0,0.0,0.0,1.0,0.0
703683,0.0,0.0,0.0,0.0,0.0,0.0,0.0
705960,0.0,0.0,0.0,0.0,0.0,1.0,0.0
706460,0.0,0.0,0.0,0.0,0.0,0.0,0.0
711077,0.0,0.0,0.0,0.0,0.0,1.0,0.0
711577,0.0,0.0,0.0,0.0,0.0,0.0,0.0
712339,0.0,0.0,0.0,0.0,0.0,1.0,0.0
712839,0.0,0.0,0.0,0.0,0.0,0.0,0.0
713992,0.0,0.0,0.0,0.0,0.0,1.0,0.0
714492,0.0,0.0,0.0,0.0,0.0,0.0,0.0
714772,0.0,0.0,0.0,0.0,1.0,0.0,0.0
715272,0.0,0.0,0.0,0.0,0.0,0.0,0.0
715285,0.0,0.0,0.0,0.0,0.0,1.0,0.0
715785,0.0,0.0,0.0,0.0,0.0,0.0,0.0
716251,0.0,0.0,0.0,0.0,0.0,1.0,0.0
716496,0.0,0.0,0.0,0.0,0.0,2.0,0.0
716996,0.0,0.0,0.0,0.0,0.0,0.0,0.0
720329,0.0,0.0,0.0,0.0,0.0,1.0,0.0
720334,0.0,0.0,0.0,0.0,0.0,2.0,0.0
720834,0.0,0.0,0.0,0.0,0.0,0.0,0.0
722139,0.0,0.0,0.0,0.0,0.0,1.0,0.0
722639,0.0,0.0,0.0,0.0,0.0,0.0,0.0
724562,0.0,0.0,0.0,0.0,0.0,1.0,0.0
725062,0.0,0.0,0.0,0.0,0.0,0.0,0.0
725204,0.0,0.0,0.0,0.0,0.0,1.0,0.0
725704,0.0,0.0,0.0,0.0,0.0,0.0,0.0
728043,0.0,0.0,0.0,0.0,0.0,1.0,0.0
728543,0.0,0.0,0.0,0.0,0.0,0.0,0.0
729607,0.0,0.0,0.0,0.0,0.0,1.0,0.0
730107,0.0,0.0,0.0,0.0,0.0,0.0,0.0
730201,0.0,0.0,0.0,0.0,0.0,1.0,0.0
730701,0.0,0.0,0.0,0.0,0.0,0.0,0.0
731872,0.0,0.0,0.0,0.0,0.0,1.0,0.0
732372,0.0,0.0,0.0,0.0,0.0,0.0,0.0
735875,0.0,0.0,0.0,0.0,0.0,1.0,0.0
736375,0.0,0.0,0.0,0.0,0.0,0.0,0.0
737603,0.0,0.0,0.0,0.0,0.0,1.0,0.0
738103,0.0,0.0,0.0,0.0,0.0,0.0,0.0
738590,0.0,0.0,0.0,0.0,0.0,1.0,0.0
739090,0.0,0.0,0.0,0.0,0.0,0.0,0.0
742419,0.0,0.0,0.0,0.0,0.0,1.0,0.0
742919,0.0,0.0,0.0,0.0,0.0,0.0,0.0
744706,0.0,0.0,0.0,0.0,0.0,1.0,0.0
745206,0.0,0.0,0.0,0.0,0.0,0.0,0.0
747184,0.0,0.0,0.0,0.0,0.0,1.0,0.0
747684,0.0,0.0,0.0,0.0,0.0,0.0,0.0
750303,0.0,0.0,0.0,0.0,0.0,1.0,0.0
750803,0.0,0.0,0.0,0.0,0.0,0.0,0.0
758220,0.0,0.0,0.0,0.0,0.0,1.0,0.0
758720,0.0,0.0,0.0,0.0,0.0,0.0,0.0
758973,0.0,0.0,0.0,0.0,0.0,1.0,0.0
759473,0.0,0.0,0.0,0.0,0.0,0.0,0.0
760555,0.0,0.0,0.0,0.0,0.0,1.0,0.0
761055,0.0,0.0,0.0,0.0,0.0,0.0,0.0
764685,0.0,0.0,0.0,0.0,0.0,1.0,0.0
765185,0.0,0.0,0.0,0.0,0.0,0.0,0.0
767016,0.0,0.0,0.0,0.0,0.0,1.0,0.0
767516,0.0,0.0,0.0,0.0,0.0,0.0,0.0
771120,0.0,0.0,0.0,0.0,0.0,1.0,0.0
771620,0.0,0.0,0.0,0.0,0.0,0.0,0.0
773725,0.0,0.0,0.0,0.0,0.0,1.0,0.0
774225,0.0,0.0,0.0,0.0,0.0,0.0,0.0
774377,0.0,0.0,0.0,0.0,0.0,1.0,0.0
774877,0.0,0.0,0.0,0.0,0.0,0.0,0.0
775372,0.0,0.0,0.0,0.0,1.0,0.0,0.0
775872,0.0,0.0,0.0,0.0,0.0,0.0,0.0
776301,0.0,0.0,0.0,0.0,0.0,1.0,0.0
776801,0.0,0.0,0.0,0.0,0.0,0.0,0.0
777435,0.0,0.0,0.0,0.0,0.0,1.0,0.0
777935,0.0,0.0,0.0,0.0,0.0,0.0,0.0
778035,0.0,0.0,0.0,0.0,0.0,1.0,0.0
778535,0.0,0.0,0.0,0.0,0.0,0.0,0.0
780308,0.0,0.0,0.0,0.0,0.0,1.0,0.0
780808,0.0,0.0,0.0,0.0,0.0,0.0,0.0
784519,0.0,0.0,0.0,0.0,0.0,1.0,0.0
785019,0.0,0.0,0.0,0.0,0.0,0.0,0.0
787967,0.0,0.0,0.0,0.0,0.0,1.0,0.0
788467,0.0,0.0,0.0,0.0,0.0,0.0,0.0
788617,0.0,0.0,0.0,0.0,0.0,1.0,0.0
789117,0.0,0.0,0.0,0.0,0.0,0.0,0.0
789966,0.0,0.0,0.0,0.0,0.0,1.0,0.0
790065,0.0,0.0,0.0,0.0,0.0,2.0,0.0
790565,0.0,0.0,0.0,0.0,0.0,0.0,0.0
792154,0.0,0.0,0.0,0.0,0.0,1.0,0.0
792654,0.0,0.0,0.0,0.0,0.0,0.0,0.0
793001,0.0,0.0,0.0,0.0,0.0,1.0,0.0
793501,0.0,0.0,0.0,0.0,0.0,0.0,0.0
793577,0.0,0.0,0.0,0.0,0.0,1.0,0.0
794077,0.0,0.0,0.0,0.0,0.0,0.0,0.0
794492,0.0,0.0,0.0,0.0,0.0,1.0,0.0
794992,0.0,0.0,0.0,0.0,0.0,0.0,0.0
795998,0.0,0.0,0.0,0.0,0.0,1.0,0.0
796350,0.0,0.0,0.0,0.0,0.0,2.0,0.0
796850,0.0,0.0,0.0,0.0,0.0,0.0,0.0
798124,0.0,0.0,0.0,0.0,0.0,1.0,0.0
798126,0.0,0.0,0.0,0.0,0.0,2.0,0.0
798626,0.0,0.0,0.0,0.0,0.0,0.0,0.0
802210,0.0,0.0,0.0,0.0,0.0,1.0,0.0
802710,0.0,0.0,0.0,0.0,0.0,0.0,0.0
807000,0.0,0.0,0.0,0.0,0.0,0.0,1.0
807500,0.0,0.0,0.0,0.0,0.0,0.0,0.0
807545,0.0,0.0,0.0,0.0,0.0,1.0,0.0
807555,0.0,0.0,0.0,0.0,0.0,2.0,0.0
807871,2.0,0.0,0.0,0.0,0.0,2.0,0.0
807981,2.0,2.0,0.0,0.0,0.0,2.0,0.0
808055,2.0,2.0,0.0,0.0,0.0,0.0,0.0
808157,2.0,2.0,0.0,0.0,0.0,1.0,0.0
808296,2.0,2.0,0.0,0.0,1.0,1.0,0.0
808371,0.0,2.0,0.0,0.0,1.0,1.0,0.0
808451,0.0,2.0,0.0,0.0,1.0,2.0,0.0
808466,0.0,2.0,0.0,0.0,2.0,2.0,0.0
808479,2.0,2.0,0.0,0.0,2.0,2.0,0.0
808481,2.0,0.0,0.0,0.0,2.0,2.0,0.0
808951,2.0,0.0,0.0,0.0,2.0,0.0,0.0
808966,2.0,0.0,0.0,0.0,0.0,0.0,0.0
808979,0.0,0.0,0.0,0.0,0.0,0.0,0.0
809393,0.0,0.0,0.0,0.0,0.0,1.0,0.0
809893,0.0,0.0,0.0,0.0,0.0,0.0,0.0
809921,0.0,0.0,0.0,0.0,0.0,1.0,0.0
809979,0.0,0.0,1.0,0.0,0.0,1.0,0.0
810166,0.0,0.0,1.0,0.0,0.0,2.0,0.0
810666,0.0,0.0,1.0,0.0,0.0,0.0,0.0
810667,0.0,0.0,1.0,0.0,0.0,1.0,0.0
811167,0.0,0.0,1.0,0.0,0.0,0.0,0.0
811283,0.0,0.0,1.0,0.0,0.0,1.0,0.0
811783,0.0,0.0,1.0,0.0,0.0,0.0,0.0
812409,0.0,0.0,2.0,0.0,0.0,0.0,0.0
812909,0.0,0.0,0.0,0.0,0.0,0.0,0.0
813318,0.0,0.0,0.0,0.0,0.0,1.0,0.0
813697,0.0,0.0,1.0,0.0,0.0,1.0,0.0
813818,0.0,0.0,1.0,0.0,0.0,0.0,0.0
813939,0.0,0.0,1.0,0.0,0.0,1.0,0.0
814439,0.0,0.0,1.0,0.0,0.0,0.0,0.0
814575,0.0,0.0,1.0,0.0,0.0,1.0,0.0
815075,0.0,0.0,1.0,0.0,0.0,0.0,0.0
815310,0.0,0.0,1.0,0.0,0.0,1.0,0.0
815810,0.0,0.0,1.0,0.0,0.0,0.0,0.0
815927,0.0,0.0,1.0,0.0,0.0,1.0,0.0
815980,0.0,0.0,1.0,0.0,0.0,2.0,0.0
816480,0.0,0.0,1.0,0.0,0.0,0.0,0.0
816960,0.0,0.0,1.0,0.0,0.0,1.0,0.0
816966,0.0,0.0,1.0,0.0,0.0,2.0,0.0
817466,0.0,0.0,1.0,0.0,0.0,0.0,0.0
817559,0.0,0.0,1.0,0.0,0.0,1.0,0.0
817953,0.0,0.0,1.0,0.0,0.0,2.0,0.0
818453,0.0,0.0,1.0,0.0,0.0,0.0,0.0
820134,0.0,0.0,1.0,0.0,0.0,1.0,0.0
820634,0.0,0.0,1.0,0.0,0.0,0.0,0.0
820822,0.0,0.0,1.0,0.0,0.0,1.0,0.0
821322,0.0,0.0,1.0,0.0,0.0,0.0,0.0
823461,0.0,0.0,1.0,0.0,0.0,1.0,0.0
823961,0.0,0.0,1.0,0.0,0.0,0.0,0.0
824316,0.0,0.0,1.0,0.0,0.0,1.0,0.0
824528,0.0,0.0,1.0,0.0,0.0,2.0,0.0
825028,0.0,0.0,1.0,0.0,0.0,0.0,0.0
825830,0.0,0.0,1.0,0.0,0.0,1.0,0.0
826330,0.0,0.0,1.0,0.0,0.0,0.0,0.0
826355,0.0,0.0,1.0,0.0,0.0,1.0,0.0
826855,0.0,0.0,1.0,0.0,0.0,0.0,0.0
826961,0.0,0.0,1.0,0.0,0.0,1.0,0.0
826977,0.0,0.0,1.0,0.0,0.0,2.0,0.0
827223,0.0,2.0,1.0,0.0,0.0,2.0,0.0
827477,0.0,2.0,1.0,0.0,0.0,0.0,0.0
827723,0.0,0.0,1.0,0.0,0.0,0.0,0.0
827870,0.0,0.0,1.0,0.0,0.0,1.0,0.0
827872,0.0,0.0,1.0,0.0,0.0,2.0,0.0
828372,0.0,0.0,1.0,0.0,0.0,0.0,0.0
828555,0.0,0.0,1.0,0.0,0.0,1.0,0.0
829055,0.0,0.0,1.0,0.0,0.0,0.0,0.0
829060,0.0,0.0,1.0,0.0,0.0,1.0,0.0
829074,0.0,0.0,1.0,0.0,0.0,2.0,0.0
829574,0.0,0.0,1.0,0.0,0.0,0.0,0.0
829918,0.0,0.0,1.0,0.0,0.0,1.0,0.0
830418,0.0,0.0,1.0,0.0,0.0,0.0,0.0
830485,0.0,0.0,1.0,0.0,0.0,1.0,0.0
830985,0.0,0.0,1.0,0.0,0.0,0.0,0.0
831335,0.0,0.0,1.0,0.0,0.0,1.0,0.0
831835,0.0,0.0,1.0,0.0,0.0,0.0,0.0
831878,0.0,0.0,1.0,0.0,0.0,1.0,0.0
831879,0.0,0.0,1.0,0.0,1.0,1.0,0.0
831880,0.0,0.0,1.0,0.0,1.0,2.0,0.0
832379,0.0,0.0,1.0,0.0,0.0,2.0,0.0
832380,0.0,0.0,1.0,0.0,0.0,0.0,0.0
832503,0.0,0.0,1.0,0.0,0.0,1.0,0.0
833003,0.0,0.0,1.0,0.0,0.0,0.0,0.0
833934,0.0,0.0,1.0,0.0,0.0,1.0,0.0
833946,0.0,0.0,1.0,0.0,0.0,2.0,0.0
834446,0.0,0.0,1.0,0.0,0.0,0.0,0.0
835494,0.0,0.0,1.0,0.0,0.0,1.0,0.0
835994,0.0,0.0,1.0,0.0,0.0,0.0,0.0
836886,0.0,0.0,1.0,0.0,0.0,1.0,0.0
836917,0.0,0.0,1.0,0.0,0.0,2.0,0.0
837197,0.0,0.0,0.0,0.0,0.0,2.0,0.0
837370,0.0,0.0,1.0,0.0,0.0,2.0,0.0
837417,0.0,0.0,1.0,0.0,0.0,0.0,0.0
837433,0.0,0.0,1.0,0.0,0.0,1.0,0.0
837435,0.0,0.0,1.0,0.0,0.0,2.0,0.0
837870,0.0,0.0,0.0,0.0,0.0,2.0,0.0
837935,0.0,0.0,0.0,0.0,0.0,0.0,0.0
838139,0.0,0.0,1.0,0.0,0.0,0.0,0.0
838146,0.0,0.0,1.0,0.0,0.0,1.0,0.0
838179,0.0,0.0,1.0,0.0,0.0,2.0,0.0
838679,0.0,0.0,1.0,0.0,0.0,0.0,0.0
839139,0.0,0.0,0.0,0.0,0.0,0.0,0.0
839459,0.0,0.0,0.0,0.0,0.0,1.0,0.0
839606,0.0,0.0,1.0,0.0,0.0,1.0,0.0
839959,0.0,0.0,1.0,0.0,0.0,0.0,0.0
840106,0.0,0.0,0.0,0.0,0.0,0.0,0.0
840311,0.0,0.0,0.0,0.0,0.0,1.0,0.0
840323,0.0,0.0,0.0,0.0,0.0,2.0,0.0
840823,0.0,0.0,0.0,0.0,0.0,0.0,0.0
841534,0.0,0.0,0.0,0.0,0.0,1.0,0.0
842034,0.0,0.0,0.0,0.0,0.0,0.0,0.0
843248,0.0,0.0,0.0,0.0,0.0,1.0,0.0
843748,0.0,0.0,0.0,0.0,0.0,0.0,0.0
843805,0.0,0.0,0.0,0.0,0.0,1.0,0.0
844229,0.0,0.0,0.0,0.0,0.0,2.0,0.0
844729,0.0,0.0,0.0,0.0,0.0,0.0,0.0
845060,0.0,0.0,0.0,0.0,0.0,1.0,0.0
845062,0.0,0.0,0.0,0.0,0.0,2.0,0.0
845562,0.0,0.0,0.0,0.0,0.0,0.0,0.0
845892,0.0,0.0,0.0,0.0,0.0,1.0,0.0
846392,0.0,0.0,0.0,0.0,0.0,0.0,0.0
846464,0.0,0.0,0.0,0.0,0.0,1.0,0.0
846964,0.0,0.0,0.0,0.0,0.0,0.0,0.0
847152,0.0,0.0,0.0,0.0,0.0,1.0,0.0
847258,0.0,0.0,0.0,0.0,0.0,2.0,0.0
847758,0.0,0.0,0.0,0.0,0.0,0.0,0.0
848100,0.0,0.0,0.0,0.0,0.0,1.0,0.0
848113,0.0,0.0,0.0,0.0,0.0,2.0,0.0
848613,0.0,0.0,0.0,0.0,0.0,0.0,0.0
850084,0.0,0.0,0.0,0.0,0.0,1.0,0.0
850584,0.0,0.0,0.0,0.0,0.0,0.0,0.0
851389,0.0,0.0,0.0,0.0,0.0,1.0,0.0
851792,0.0,0.0,0.0,0.0,0.0,2.0,0.0
852292,0.0,0.0,0.0,0.0,0.0,0.0,0.0
853038,0.0,0.0,0.0,0.0,0.0,1.0,0.0
853181,0.0,0.0,0.0,0.0,0.0,2.0,0.0
853346,0.0,2.0,0.0,0.0,0.0,2.0,0.0
853681,0.0,2.0,0.0,0.0,0.0,0.0,0.0
853846,0.0,0.0,0.0,0.0,0.0,0.0,0.0
853936,0.0,0.0,0.0,0.0,0.0,1.0,0.0
854436,0.0,0.0,0.0,0.0,0.0,0.0,0.0
854897,0.0,0.0,0.0,0.0,0.0,1.0,0.0
855397,0.0,0.0,0.0,0.0,0.0,0.0,0.0
855951,0.0,0.0,0.0,0.0,0.0,1.0,0.0
856120,0.0,0.0,0.0,0.0,0.0,2.0,0.0
856620,0.0,0.0,0.0,0.0,0.0,0.0,0.0
856878,0.0,0.0,0.0,0.0,0.0,1.0,0.0
857378,0.0,0.0,0.0,0.0,0.0,0.0,0.0
859385,0.0,2.0,0.0,0.0,0.0,0.0,0.0
859390,0.0,2.0,0.0,0.0,0.0,1.0,0.0
859668,0.0,2.0,0.0,0.0,0.0,2.0,0.0
859885,0.0,0.0,0.0,0.0,0.0,2.0,0.0
860168,0.0,0.0,0.0,0.0,0.0,0.0,0.0
860414,0.0,0.0,0.0,0.0,0.0,1.0,0.0
860721,0.0,0.0,0.0,0.0,0.0,2.0,0.0
861221,0.0,0.0,0.0,0.0,0.0,0.0,0.0
861418,0.0,0.0,0.0,0.0,0.0,1.0,0.0
861420,0.0,0.0,0.0,0.0,0.0,2.0,0.0
861920,0.0,0.0,0.0,0.0,0.0,0.0,0.0
862050,0.0,0.0,0.0,0.0,0.0,1.0,0.0
862461,0.0,0.0,0.0,0.0,0.0,2.0,0.0
862961,0.0,0.0,0.0,0.0,0.0,0.0,0.0
863195,0.0,0.0,0.0,0.0,0.0,1.0,0.0
863447,0.0,0.0,0.0,0.0,0.0,2.0,0.0
863947,0.0,0.0,0.0,0.0,0.0,0.0,0.0
864359,0.0,0.0,0.0,0.0,0.0,1.0,0.0
864859,0.0,0.0,0.0,0.0,0.0,0.0,0.0
864967,0.0,0.0,0.0,0.0,0.0,1.0,0.0
865467,0.0,0.0,0.0,0.0,0.0,0.0,0.0
866090,0.0,0.0,0.0,0.0,0.0,1.0,0.0
866590,0.0,0.0,0.0,0.0,0.0,0.0,0.0
868507,0.0,0.0,0.0,0.0,0.0,1.0,0.0
869007,0.0,0.0,0.0,0.0,0.0,0.0,0.0
869104,0.0,0.0,0.0,0.0,0.0,1.0,0.0
869604,0.0,0.0,0.0,0.0,0.0,0.0,0.0
870106,0.0,0.0,0.0,0.0,0.0,1.0,0.0
870110,0.0,0.0,0.0,0.0,0.0,2.0,0.0
870610,0.0,0.0,0.0,0.0,0.0,0.0,0.0
872055,0.0,0.0,0.0,0.0,0.0,1.0,0.0
872066,0.0,0.0,0.0,0.0,1.0,1.0,0.0
872067,0.0,0.0,0.0,0.0,1.0,2.0,0.0
872069,0.0,0.0,0.0,0.0,2.0,2.0,0.0
872567,0.0,0.0,0.0,0.0,2.0,0.0,0.0
872569,0.0,0.0,0.0,0.0,0.0,0.0,0.0
872986,0.0,0.0,0.0,0.0,0.0,1.0,0.0
872989,0.0,0.0,0.0,0.0,0.0,2.0,0.0
872990,0.0,0.0,0.0,0.0,1.0,2.0,0.0
873063,0.0,2.0,0.0,0.0,1.0,2.0,0.0
873489,0.0,2.0,0.0,0.0,1.0,1.0,0.0
873490,0.0,2.0,0.0,0.0,0.0,1.0,0.0
873563,0.0,0.0,0.0,0.0,0.0,1.0,0.0
873989,0.0,0.0,0.0,0.0,0.0,0.0,0.0
877238,0.0,0.0,0.0,0.0,0.0,1.0,0.0
877738,0.0,0.0,0.0,0.0,0.0,0.0,0.0
877850,0.0,0.0,0.0,0.0,0.0,1.0,0.0
878350,0.0,0.0,0.0,0.0,0.0,0.0,0.0
878552,0.0,0.0,0.0,0.0,0.0,1.0,0.0
879052,0.0,0.0,0.0,0.0,0.0,0.0,0.0
879295,0.0,0.0,0.0,0.0,0.0,1.0,0.0
879795,0.0,0.0,0.0,0.0,0.0,0.0,0.0
880292,0.0,0.0,0.0,0.0,0.0,1.0,0.0
880792,0.0,0.0,0.0,0.0,0.0,0.0,0.0
881688,0.0,0.0,0.0,0.0,0.0,1.0,0.0
882188,0.0,0.0,0.0,0.0,0.0,0.0,0.0
882309,0.0,0.0,0.0,0.0,0.0,1.0,0.0
882809,0.0,0.0,0.0,0.0,0.0,0.0,0.0
882838,0.0,0.0,0.0,0.0,0.0,1.0,0.0
882840,0.0,0.0,0.0,0.0,0.0,2.0,0.0
883340,0.0,0.0,0.0,0.0,0.0,0.0,0.0
884506,0.0,0.0,0.0,0.0,0.0,1.0,0.0
885006,0.0,0.0,0.0,0.0,0.0,0.0,0.0
885640,0.0,0.0,0.0,0.0,0.0,1.0,0.0
885643,0.0,0.0,0.0,0.0,0.0,2.0,0.0
886143,0.0,0.0,0.0,0.0,0.0,0.0,0.0
886428,0.0,0.0,0.0,0.0,0.0,1.0,0.0
886430,0.0,0.0,0.0,0.0,0.0,2.0,0.0
886930,0.0,0.0,0.0,0.0,0.0,0.0,0.0
887245,0.0,0.0,0.0,0.0,0.0,1.0,0.0
887642,0.0,0.0,0.0,0.0,0.0,2.0,0.0
888142,0.0,0.0,0.0,0.0,0.0,0.0,0.0
889442,0.0,0.0,0.0,0.0,0.0,1.0,0.0
889942,0.0,0.0,0.0,0.0,0.0,0.0,0.0
890691,0.0,0.0,0.0,0.0,0.0,1.0,0.0
890703,0.0,0.0,0.0,0.0,1.0,1.0,0.0
891191,0.0,0.0,0.0,0.0,1.0,0.0,0.0
891203,0.0,0.0,0.0,0.0,0.0,0.0,0.0
891552,0.0,0.0,0.0,0.0,0.0,1.0,0.0
891954,0.0,0.0,0.0,0.0,0.0,2.0,0.0
892454,0.0,0.0,0.0,0.0,0.0,0.0,0.0
892791,0.0,0.0,0.0,0.0,0.0,1.0,0.0
893291,0.0,0.0,0.0,0.0,0.0,0.0,0.0
893340,0.0,0.0,0.0,0.0,0.0,1.0,0.0
893840,0.0,0.0,0.0,0.0,0.0,0.0,0.0
893892,0.0,0.0,0.0,0.0,0.0,1.0,0.0
893918,0.0,0.0,0.0,0.0,0.0,2.0,0.0
894418,0.0,0.0,0.0,0.0,0.0,0.0,0.0
894629,0.0,0.0,0.0,0.0,0.0,1.0,0.0
895129,0.0,0.0,0.0,0.0,0.0,0.0,0.0
895274,0.0,0.0,0.0,0.0,0.0,1.0,0.0
895774,0.0,0.0,0.0,0.0,0.0,0.0,0.0
898281,0.0,0.0,0.0,0.0,0.0,1.0,0.0
898781,0.0,0.0,0.0,0.0,0.0,0.0,0.0
899391,0.0,0.0,0.0,0.0,0.0,1.0,0.0
899393,0.0,0.0,0.0,0.0,0.0,2.0,0.0
899893,0.0,0.0,0.0,0.0,0.0,0.0,0.0
899995,0.0,0.0,0.0,0.0,0.0,1.0,0.0
900495,0.0,0.0,0.0,0.0,0.0,0.0,0.0
900507,0.0,0.0,0.0,0.0,0.0,1.0,0.0
900910,0.0,0.0,0.0,0.0,0.0,2.0,0.0
901410,0.0,0.0,0.0,0.0,0.0,0.0,0.0
901561,0.0,0.0,0.0,0.0,0.0,1.0,0.0
901568,0.0,0.0,0.0,0.0,0.0,2.0,0.0
902068,0.0,0.0,0.0,0.0,0.0,0.0,0.0
902560,0.0,0.0,0.0,0.0,0.0,1.0,0.0
903060,0.0,0.0,0.0,0.0,0.0,0.0,0.0
903777,0.0,0.0,0.0,0.0,0.0,1.0,0.0
904277,0.0,0.0,0.0,0.0,0.0,0.0,0.0
904624,0.0,0.0,0.0,0.0,0.0,1.0,0.0
904960,0.0,0.0,0.0,0.0,0.0,2.0,0.0
905460,0.0,0.0,0.0,0.0,0.0,0.0,0.0
905470,0.0,0.0,0.0,0.0,0.0,1.0,0.0
905970,0.0,0.0,0.0,0.0,0.0,0.0,0.0
906144,0.0,0.0,0.0,0.0,0.0,1.0,0.0
906644,0.0,0.0,0.0,0.0,0.0,0.0,0.0
906662,0.0,0.0,0.0,0.0,0.0,1.0,0.0
907143,0.0,0.0,0.0,0.0,0.0,2.0,0.0
907643,0.0,0.0,0.0,0.0,0.0,0.0,0.0
907957,0.0,0.0,0.0,0.0,0.0,1.0,0.0
907959,0.0,0.0,0.0,0.0,0.0,2.0,0.0
908459,0.0,0.0,0.0,0.0,0.0,0.0,0.0
915590,0.0,0.0,0.0,0.0,0.0,1.0,0.0
916090,0.0,0.0,0.0,0.0,0.0,0.0,0.0
916131,0.0,0.0,0.0,0.0,0.0,1.0,0.0
916631,0.0,0.0,0.0,0.0,0.0,0.0,0.0
916666,0.0,0.0,0.0,0.0,0.0,1.0,0.0
917006,0.0,0.0,0.0,0.0,1.0,1.0,0.0
917007,0.0,0.0,0.0,0.0,2.0,1.0,0.0
917166,0.0,0.0,0.0,0.0,2.0,0.0,0.0
917507,0.0,0.0,0.0,0.0,0.0,0.0,0.0
919409,0.0,0.0,0.0,0.0,0.0,1.0,0.0
919909,0.0,0.0,0.0,0.0,0.0,0.0,0.0
920335,0.0,0.0,0.0,0.0,0.0,1.0,0.0
920835,0.0,0.0,0.0,0.0,0.0,0.0,0.0
922009,0.0,0.0,0.0,0.0,0.0,1.0,0.0
922509,0.0,0.0,0.0,0.0,0.0,0.0,0.0
924345,0.0,0.0,0.0,0.0,0.0,1.0,0.0
924845,0.0,0.0,0.0,0.0,0.0,0.0,0.0
924988,0.0,0.0,0.0,0.0,0.0,1.0,0.0
925488,0.0,0.0,0.0,0.0,0.0,0.0,0.0
926029,0.0,0.0,0.0,0.0,0.0,1.0,0.0
926087,0.0,0.0,0.0,0.0,0.0,2.0,0.0
926587,0.0,0.0,0.0,0.0,0.0,0.0,0.0
928706,0.0,0.0,0.0,0.0,0.0,1.0,0.0
929206,0.0,0.0,0.0,0.0,0.0,0.0,0.0
933830,0.0,0.0,0.0,0.0,0.0,1.0,0.0
933837,0.0,0.0,0.0,0.0,0.0,2.0,0.0
934337,0.0,0.0,0.0,0.0,0.0,0.0,0.0
936796,0.0,0.0,0.0,0.0,0.0,1.0,0.0
937296,0.0,0.0,0.0,0.0,0.0,0.0,0.0
938706,0.0,0.0,0.0,0.0,0.0,1.0,0.0
939206,0.0,0.0,0.0,0.0,0.0,0.0,0.0
939750,0.0,0.0,0.0,0.0,0.0,1.0,0.0
940250,0.0,0.0,0.0,0.0,0.0,0.0,0.0
941696,0.0,0.0,0.0,0.0,0.0,1.0,0.0
942196,0.0,0.0,0.0,0.0,0.0,0.0,0.0
942927,0.0,0.0,0.0,0.0,0.0,1.0,0.0
943427,0.0,0.0,0.0,0.0,0.0,0.0,0.0
944031,0.0,0.0,0.0,0.0,0.0,1.0,0.0
944531,0.0,0.0,0.0,0.0,0.0,0.0,0.0
944831,0.0,0.0,0.0,0.0,0.0,1.0,0.0
945331,0.0,0.0,0.0,0.0,0.0,0.0,0.0
948775,0.0,0.0,0.0,0.0,0.0,1.0,0.0
949275,0.0,0.0,0.0,0.0,0.0,0.0,0.0
949885,0.0,0.0,0.0,0.0,0.0,1.0,0.0
950385,0.0,0.0,0.0,0.0,0.0,0.0,0.0
950694,0.0,0.0,0.0,0.0,0.0,1.0,0.0
951194,0.0,0.0,0.0,0.0,0.0,0.0,0.0
951508,0.0,0.0,0.0,0.0,0.0,1.0,0.0
952008,0.0,0.0,0.0,0.0,0.0,0.0,0.0
953640,0.0,0.0,0.0,0.0,0.0,1.0,0.0
954140,0.0,0.0,0.0,0.0,0.0,0.0,0.0
954576,0.0,0.0,0.0,0.0,0.0,1.0,0.0
955076,0.0,0.0,0.0,0.0,0.0,0.0,0.0
955983,0.0,0.0,0.0,0.0,0.0,1.0,0.0
956483,0.0,0.0,0.0,0.0,0.0,0.0,0.0
960506,0.0,0.0,0.0,0.0,0.0,1.0,0.0
961006,0.0,0.0,0.0,0.0,0.0,0.0,0.0
961526,0.0,0.0,0.0,0.0,0.0,1.0,0.0
962026,0.0,0.0,0.0,0.0,0.0,0.0,0.0
962445,0.0,0.0,0.0,0.0,0.0,1.0,0.0
962945,0.0,0.0,0.0,0.0,0.0,0.0,0.0
964084,0.0,0.0,0.0,0.0,0.0,1.0,0.0
964584,0.0,0.0,0.0,0.0,0.0,0.0,0.0
965297,0.0,0.0,0.0,0.0,0.0,1.0,0.0
965797,0.0,0.0,0.0,0.0,0.0,0.0,0.0
966022,0.0,0.0,0.0,0.0,0.0,1.0,0.0
966522,0.0,0.0,0.0,0.0,0.0,0.0,0.0
967434,0.0,0.0,0.0,0.0,0.0,1.0,0.0
967934,0.0,0.0,0.0,0.0,0.0,0.0,0.0
968082,0.0,0.0,0.0,0.0,0.0,1.0,0.0
968582,0.0,0.0,0.0,0.0,0.0,0.0,0.0
969743,0.0,0.0,0.0,0.0,0.0,1.0,0.0
970243,0.0,0.0,0.0,0.0,0.0,0.0,0.0
970848,0.0,0.0,0.0,0.0,0.0,1.0,0.0
971278,0.0,0.0,0.0,0.0,0.0,2.0,0.0
971778,0.0,0.0,0.0,0.0,0.0,0.0,0.0
973727,0.0,0.0,0.0,0.0,0.0,1.0,0.0
974227,0.0,0.0,0.0,0.0,0.0,0.0,0.0
975815,0.0,0.0,0.0,0.0,0.0,1.0,0.0
976315,0.0,0.0,0.0,0.0,0.0,0.0,0.0
977500,0.0,0.0,0.0,0.0,0.0,1.0,0.0
978000,0.0,0.0,0.0,0.0,0.0,0.0,0.0
979971,0.0,0.0,0.0,0.0,0.0,1.0,0.0
980471,0.0,0.0,0.0,0.0,0.0,0.0,0.0
981936,0.0,0.0,0.0,0.0,0.0,1.0,0.0
981952,0.0,0.0,0.0,0.0,1.0,1.0,0.0
982416,0.0,0.0,0.0,0.0,1.0,2.0,0.0
982452,0.0,0.0,0.0,0.0,0.0,2.0,0.0
982916,0.0,0.0,0.0,0.0,0.0,0.0,0.0
987369,0.0,0.0,0.0,0.0,0.0,1.0,0.0
987869,0.0,0.0,0.0,0.0,0.0,0.0,0.0
990485,0.0,0.0,0.0,0.0,0.0,1.0,0.0
990985,0.0,0.0,0.0,0.0,0.0,0.0,0.0
996637,0.0,0.0,0.0,0.0,0.0,1.0,0.0
996639,0.0,0.0,0.0,0.0,0.0,2.0,0.0
997139,0.0,0.0,0.0,0.0,0.0,0.0,0.0
997258,0.0,0.0,0.0,0.0,0.0,1.0,0.0
997262,0.0,0.0,0.0,0.0,0.0,2.0,0.0
997762,0.0,0.0,0.0,0.0,0.0,0.0,0.0
998353,0.0,0.0,0.0,0.0,0.0,1.0,0.0
998368,0.0,0.0,0.0,0.0,0.0,2.0,0.0
998868,0.0,0.0,0.0,0.0,0.0,0.0,0.0
999720,0.0,0.0,0.0,0.0,0.0,1.0,0.0
1000220,0.0,0.0,0.0,0.0,0.0,0.0,0.0
1004847,0.0,0.0,0.0,0.0,0.0,1.0,0.0
1005347,0.0,0.0,0.0,0.0,0.0,0.0,0.0
1007961,0.0,0.0,0.0,0.0,0.0,1.0,0.0
1008461,0.0,0.0,0.0,0.0,0.0,0.0,0.0
1009000,0.0,0.0,0.0,0.0,0.0,0.0,1.0
1009256,0.0,0.0,0.0,0.0,0.0,1.0,1.0
1009257,0.0,0.0,0.0,0.0,0.0,2.0,1.0
1009439,2.0,0.0,0.0,0.0,0.0,2.0,1.0
1009500,2.0,0.0,0.0,0.0,0.0,2.0,0.0
1009757,2.0,0.0,0.0,0.0,0.0,0.0,0.0
1009796,2.0,0.0,0.0,0.0,0.0,1.0,0.0
1009899,2.0,0.0,0.0,0.0,0.0,2.0,0.0
1009914,2.0,2.0,0.0,0.0,0.0,2.0,0.0
1009939,0.0,2.0,0.0,0.0,0.0,2.0,0.0
1009951,2.0,2.0,0.0,0.0,0.0,2.0,0.0
1010058,2.0,2.0,0.0,0.0,1.0,2.0,0.0
1010154,2.0,2.0,0.0,0.0,2.0,2.0,0.0
1010399,2.0,2.0,0.0,0.0,2.0,0.0,0.0
1010414,2.0,0.0,0.0,0.0,2.0,0.0,0.0
1010451,0.0,0.0,0.0,0.0,2.0,0.0,0.0
1010654,0.0,0.0,0.0,0.0,0.0,0.0,0.0
1010961,0.0,0.0,0.0,0.0,0.0,1.0,0.0
1010975,2.0,0.0,0.0,0.0,0.0,1.0,0.0
1011286,2.0,0.0,0.0,0.0,0.0,2.0,0.0
1011475,0.0,0.0,0.0,0.0,0.0,2.0,0.0
1011786,0.0,0.0,0.0,0.0,0.0,0.0,0.0
1012078,0.0,0.0,1.0,0.0,0.0,0.0,0.0
1012205,0.0,0.0,1.0,0.0,0.0,1.0,0.0
1012207,0.0,0.0,1.0,0.0,0.0,2.0,0.0
1012707,0.0,0.0,1.0,0.0,0.0,0.0,0.0
1012871,0.0,0.0,1.0,0.0,0.0,1.0,0.0
1013371,0.0,0.0,1.0,0.0,0.0,0.0,0.0
1013653,0.0,0.0,1.0,0.0,0.0,1.0,0.0
1014153,0.0,0.0,1.0,0.0,0.0,0.0,0.0
1014426,0.0,0.0,1.0,0.0,0.0,1.0,0.0
1014926,0.0,0.0,1.0,0.0,0.0,0.0,0.0
1015068,0.0,0.0,1.0,0.0,0.0,1.0,0.0
1015285,0.0,0.0,1.0,0.0,0.0,2.0,0.0
1015748,0.0,0.0,2.0,0.0,0.0,2.0,0.0
1015785,0.0,0.0,2.0,0.0,0.0,0.0,0.0
1016248,0.0,0.0,0.0,0.0,0.0,0.0,0.0
1016519,0.0,0.0,0.0,0.0,0.0,1.0,0.0
1016523,0.0,0.0,0.0,0.0,0.0,2.0,0.0
1017023,0.0,0.0,0.0,0.0,0.0,0.0,0.0
1017514,0.0,0.0,0.0,0.0,1.0,1.0,0.0
1018014,0.0,0.0,0.0,0.0,0.0,0.0,0.0
1018287,0.0,0.0,0.0,0.0,0.0,1.0,0.0
1018787,0.0,0.0,0.0,0.0,0.0,0.0,0.0
1019200,0.0,0.0,0.0,0.0,0.0,1.0,0.0
1019209,0.0,0.0,0.0,0.0,0.0,2.0,0.0
1019709,0.0,0.0,0.0,0.0,0.0,0.0,0.0
1020523,0.0,0.0,0.0,0.0,1.0,0.0,0.0
1020627,0.0,0.0,0.0,0.0,1.0,1.0,0.0
1021023,0.0,0.0,0.0,0.0,0.0,1.0,0.0
1021127,0.0,0.0,0.0,0.0,0.0,0.0,0.0
1021273,0.0,0.0,0.0,0.0,0.0,1.0,0.0
1021468,0.0,0.0,0.0,0.0,0.0,2.0,0.0
1021968,0.0,0.0,0.0,0.0,0.0,0.0,0.0
1021988,0.0,0.0,0.0,0.0,0.0,1.0,0.0
1022488,0.0,0.0,0.0,0.0,0.0,0.0,0.0
1022489,0.0,0.0,0.0,0.0,0.0,1.0,0.0
1022989,0.0,0.0,0.0,0.0,0.0,0.0,0.0
1023143,0.0,0.0,0.0,0.0,0.0,1.0,0.0
1023643,0.0,0.0,0.0,0.0,0.0,0.0,0.0
1024274,0.0,0.0,0.0,0.0,1.0,0.0,0.0
1024278,0.0,0.0,0.0,0.0,2.0,0.0,0.0
1024281,0.0,0.0,0.0,0.0,2.0,1.0,0.0
1024289,0.0,0.0,0.0,0.0,2.0,2.0,0.0
1024778,0.0,0.0,0.0,0.0,0.0,2.0,0.0
1024789,0.0,0.0,0.0,0.0,0.0,0.0,0.0
1024886,0.0,0.0,0.0,0.0,0.0,1.0,0.0
1025386,0.0,0.0,0.0,0.0,0.0,0.0,0.0
1026268,0.0,0.0,0.0,0.0,0.0,1.0,0.0
1026768,0.0,0.0,0.0,0.0,0.0,0.0,0.0
1027368,0.0,0.0,0.0,0.0,0.0,1.0,0.0
1027868,0.0,0.0,0.0,0.0,0.0,0.0,0.0
1028597,0.0,0.0,0.0,0.0,0.0,1.0,0.0
1029097,0.0,0.0,0.0,0.0,0.0,0.0,0.0
1029150,0.0,0.0,0.0,0.0,0.0,1.0,0.0
1029154,0.0,0.0,0.0,0.0,0.0,2.0,0.0
1029654,0.0,0.0,0.0,0.0,0.0,0.0,0.0
1030066,0.0,0.0,0.0,0.0,0.0,1.0,0.0
1030566,0.0,0.0,0.0,0.0,0.0,0.0,0.0
1031999,0.0,0.0,0.0,0.0,0.0,1.0,0.0
1032499,0.0,0.0,0.0,0.0,0.0,0.0,0.0
1032876,0.0,0.0,0.0,0.0,0.0,1.0,0.0
1033376,0.0,0.0,0.0,0.0,0.0,0.0,0.0
1033734,0.0,0.0,0.0,0.0,0.0,1.0,0.0
1033927,0.0,2.0,0.0,0.0,0.0,1.0,0.0
1034012,0.0,2.0,0.0,0.0,0.0,2.0,0.0
1034427,0.0,0.0,0.0,0.0,0.0,2.0,0.0
1034512,0.0,0.0,0.0,0.0,0.0,0.0,0.0
1034707,0.0,0.0,0.0,0.0,0.0,1.0,0.0
1035207,0.0,0.0,0.0,0.0,0.0,0.0,0.0
1035834,0.0,0.0,0.0,0.0,0.0,1.0,0.0
1036334,0.0,0.0,0.0,0.0,0.0,0.0,0.0
1037053,0.0,0.0,0.0,0.0,0.0,1.0,0.0
1037074,0.0,0.0,0.0,0.0,0.0,2.0,0.0
1037574,0.0,0.0,0.0,0.0,0.0,0.0,0.0
1039356,0.0,0.0,0.0,0.0,0.0,1.0,0.0
1039856,0.0,0.0,0.0,0.0,0.0,0.0,0.0
1040462,0.0,0.0,0.0,0.0,0.0,1.0,0.0
1040478,0.0,0.0,0.0,0.0,0.0,2.0,0.0
1040978,0.0,0.0,0.0,0.0,0.0,0.0,0.0
1041269,0.0,0.0,0.0,0.0,0.0,1.0,0.0
1041286,0.0,0.0,0.0,0.0,0.0,2.0,0.0
1041786,0.0,0.0,0.0,0.0,0.0,0.0,0.0
1041967,0.0,0.0,0.0,0.0,0.0,1.0,0.0
1042467,0.0,0.0,0.0,0.0,0.0,0.0,0.0
1042517,0.0,0.0,0.0,0.0,0.0,1.0,0.0
1043017,0.0,0.0,0.0,0.0,0.0,0.0,0.0
1043529,0.0,0.0,0.0,0.0,0.0,1.0,0.0
1044029,0.0,0.0,0.0,0.0,0.0,0.0,0.0
1044122,0.0,0.0,0.0,0.0,0.0,1.0,0.0
1044126,0.0,0.0,0.0,0.0,0.0,2.0,0.0
1044626,0.0,0.0,0.0,0.0,0.0,0.0,0.0
1045367,0.0,0.0,0.0,0.0,0.0,1.0,0.0
1045371,0.0,0.0,0.0,0.0,0.0,2.0,0.0
1045871,0.0,0.0,0.0,0.0,0.0,0.0,0.0
1045873,0.0,0.0,0.0,0.0,0.0,1.0,0.0
1046256,0.0,0.0,0.0,0.0,0.0,2.0,0.0
1046756,0.0,0.0,0.0,0.0,0.0,0.0,0.0
1046995,0.0,0.0,0.0,0.0,0.0,1.0,0.0
1047043,0.0,0.0,0.0,0.0,0.0,2.0,0.0
1047543,0.0,0.0,0.0,0.0,0.0,0.0,0.0
1047815,0.0,0.0,0.0,0.0,0.0,1.0,0.0
1048315,0.0,0.0,0.0,0.0,0.0,0.0,0.0
1049027,0.0,0.0,0.0,0.0,0.0,1.0,0.0
1049527,0.0,0.0,0.0,0.0,0.0,0.0,0.0
1049637,0.0,0.0,0.0,0.0,0.0,1.0,0.0
1049639,0.0,0.0,0.0,0.0,0.0,2.0,0.0
1050139,0.0,0.0,0.0,0.0,0.0,0.0,0.0
1051099,0.0,0.0,0.0,0.0,0.0,1.0,0.0
1051599,0.0,0.0,0.0,0.0,0.0,0.0,0.0
1051613,0.0,0.0,0.0,0.0,0.0,1.0,0.0
1051617,0.0,0.0,0.0,0.0,0.0,2.0,0.0
1052117,0.0,0.0,0.0,0.0,0.0,0.0,0.0
1053483,0.0,0.0,0.0,0.0,0.0,1.0,0.0
1053487,0.0,0.0,0.0,0.0,0.0,2.0,0.0
1053987,0.0,0.0,0.0,0.0,0.0,0.0,0.0
1054180,0.0,0.0,0.0,0.0,0.0,1.0,0.0
1054182,0.0,0.0,0.0,0.0,0.0,2.0,0.0
1054682,0.0,0.0,0.0,0.0,0.0,0.0,0.0
1055212,0.0,0.0,0.0,0.0,0.0,1.0,0.0
1055233,0.0,0.0,0.0,0.0,0.0,2.0,0.0
1055733,0.0,0.0,0.0,0.0,0.0,0.0,0.0
1055936,0.0,0.0,0.0,0.0,0.0,1.0,0.0
1055942,0.0,0.0,0.0,0.0,0.0,2.0,0.0
1056442,0.0,0.0,0.0,0.0,0.0,0.0,0.0
1057283,0.0,0.0,0.0,0.0,0.0,1.0,0.0
1057783,0.0,0.0,0.0,0.0,0.0,0.0,0.0
1057945,0.0,0.0,0.0,0.0,0.0,1.0,0.0
1058445,0.0,0.0,0.0,0.0,0.0,0.0,0.0
1062401,0.0,0.0,0.0,0.0,0.0,1.0,0.0
1062403,0.0,0.0,0.0,0.0,0.0,2.0,0.0
1062903,0.0,0.0,0.0,0.0,0.0,0.0,0.0
1062983,0.0,0.0,0.0,0.0,0.0,1.0,0.0
1063483,0.0,0.0,0.0,0.0,0.0,0.0,0.0
1063521,0.0,0.0,0.0,0.0,0.0,1.0,0.0
1064021,0.0,0.0,0.0,0.0,0.0,0.0,0.0
1064033,0.0,0.0,0.0,0.0,0.0,1.0,0.0
1064315,0.0,0.0,0.0,0.0,0.0,2.0,0.0
1064815,0.0,0.0,0.0,0.0,0.0,0.0,0.0
1064834,0.0,0.0,0.0,0.0,0.0,1.0,0.0
1065334,0.0,0.0,0.0,0.0,0.0,0.0,0.0
1065441,0.0,0.0,0.0,0.0,0.0,1.0,0.0
1065941,0.0,0.0,0.0,0.0,0.0,0.0,0.0
1066208,0.0,0.0,0.0,0.0,0.0,1.0,0.0
1066223,0.0,0.0,0.0,0.0,0.0,2.0,0.0
1066723,0.0,0.0,0.0,0.0,0.0,0.0,0.0
1067219,0.0,0.0,0.0,0.0,0.0,1.0,0.0
1067251,0.0,0.0,0.0,0.0,0.0,2.0,0.0
1067751,0.0,0.0,0.0,0.0,0.0,0.0,0.0
1067764,0.0,2.0,0.0,0.0,0.0,0.0,0.0
1068264,0.0,0.0,0.0,0.0,0.0,0.0,0.0
1068351,0.0,0.0,0.0,0.0,0.0,1.0,0.0
1068353,0.0,0.0,0.0,0.0,0.0,2.0,0.0
1068853,0.0,0.0,0.0,0.0,0.0,0.0,0.0
1068947,0.0,0.0,0.0,0.0,0.0,1.0,0.0
1069447,0.0,0.0,0.0,0.0,0.0,0.0,0.0
1070085,0.0,0.0,0.0,0.0,0.0,1.0,0.0
1070585,0.0,0.0,0.0,0.0,0.0,0.0,0.0
1070722,0.0,0.0,0.0,0.0,0.0,1.0,0.0
1071222,0.0,0.0,0.0,0.0,0.0,0.0,0.0
1072362,0.0,0.0,0.0,0.0,0.0,1.0,0.0
1072862,0.0,0.0,0.0,0.0,0.0,0.0,0.0
1073293,0.0,0.0,0.0,0.0,0.0,1.0,0.0
1073295,0.0,0.0,0.0,0.0,0.0,2.0,0.0
1073795,0.0,0.0,0.0,0.0,0.0,0.0,0.0
1074594,0.0,0.0,0.0,0.0,0.0,1.0,0.0
1074616,0.0,0.0,0.0,0.0,0.0,2.0,0.0
1074663,0.0,0.0,0.0,0.0,1.0,2.0,0.0
1075116,0.0,0.0,0.0,0.0,1.0,0.0,0.0
1075163,0.0,0.0,0.0,0.0,0.0,0.0,0.0
1076714,0.0,0.0,0.0,0.0,0.0,1.0,0.0
1077214,0.0,0.0,0.0,0.0,0.0,0.0,0.0
1078099,0.0,0.0,0.0,0.0,0.0,1.0,0.0
1078599,0.0,0.0,0.0,0.0,0.0,0.0,0.0
1079073,0.0,0.0,0.0,0.0,0.0,1.0,0.0
1079573,0.0,0.0,0.0,0.0,0.0,0.0,0.0
1080699,0.0,0.0,0.0,0.0,0.0,1.0,0.0
1081199,0.0,0.0,0.0,0.0,0.0,0.0,0.0
1081363,0.0,0.0,0.0,0.0,0.0,1.0,0.0
1081767,0.0,0.0,0.0,0.0,0.0,2.0,0.0
1082267,0.0,0.0,0.0,0.0,0.0,0.0,0.0
1082396,0.0,0.0,0.0,0.0,0.0,1.0,0.0
1082896,0.0,0.0,0.0,0.0,0.0,0.0,0.0
1083043,0.0,0.0,0.0,0.0,0.0,1.0,0.0
1083045,0.0,0.0,0.0,0.0,0.0,2.0,0.0
1083545,0.0,0.0,0.0,0.0,0.0,0.0,0.0
1083750,0.0,0.0,0.0,0.0,0.0,1.0,0.0
1083752,0.0,0.0,0.0,0.0,0.0,2.0,0.0
1084252,0.0,0.0,0.0,0.0,0.0,0.0,0.0
1084457,0.0,0.0,0.0,0.0,0.0,1.0,0.0
1084957,0.0,0.0,0.0,0.0,0.0,0.0,0.0
1085072,0.0,0.0,0.0,0.0,0.0,1.0,0.0
1085075,0.0,0.0,0.0,0.0,0.0,2.0,0.0
1085575,0.0,0.0,0.0,0.0,0.0,0.0,0.0
1085993,0.0,0.0,0.0,0.0,0.0,1.0,0.0
1086493,0.0,0.0,0.0,0.0,0.0,0.0,0.0
1086715,0.0,0.0,0.0,0.0,0.0,1.0,0.0
1087119,0.0,2.0,0.0,0.0,0.0,1.0,0.0
1087215,0.0,2.0,0.0,0.0,0.0,0.0,0.0
1087619,0.0,0.0,0.0,0.0,0.0,0.0,0.0
1087762,0.0,0.0,0.0,0.0,0.0,1.0,0.0
1087766,0.0,0.0,0.0,0.0,0.0,2.0,0.0
1088266,0.0,0.0,0.0,0.0,0.0,0.0,0.0
1089132,0.0,0.0,0.0,0.0,0.0,1.0,0.0
1089632,0.0,0.0,0.0,0.0,0.0,0.0,0.0
1090493,0.0,0.0,0.0,0.0,0.0,1.0,0.0
1090993,0.0,0.0,0.0,0.0,0.0,0.0,0.0
1091316,0.0,0.0,0.0,0.0,0.0,1.0,0.0
1091322,0.0,0.0,0.0,0.0,0.0,2.0,0.0
1091822,0.0,0.0,0.0,0.0,0.0,0.0,0.0
1092429,0.0,0.0,0.0,0.0,1.0,0.0,0.0
1092456,0.0,0.0,0.0,0.0,1.0,1.0,0.0
1092459,0.0,0.0,0.0,0.0,1.0,2.0,0.0
1092929,0.0,0.0,0.0,0.0,0.0,2.0,0.0
1092959,0.0,0.0,0.0,0.0,0.0,0.0,0.0
1094872,0.0,0.0,0.0,0.0,0.0,1.0,0.0
1095372,0.0,0.0,0.0,0.0,0.0,0.0,0.0
1095652,0.0,0.0,0.0,0.0,0.0,1.0,0.0
1096152,0.0,0.0,0.0,0.0,0.0,0.0,0.0
1096440,0.0,0.0,0.0,0.0,0.0,1.0,0.0
1096446,0.0,0.0,0.0,0.0,0.0,2.0,0.0
1096465,0.0,0.0,0.0,0.0,1.0,2.0,0.0
1096946,0.0,0.0,0.0,0.0,1.0,0.0,0.0
1096965,0.0,0.0,0.0,0.0,0.0,0.0,0.0
1097287,0.0,0.0,0.0,0.0,0.0,1.0,0.0
1097787,0.0,0.0,0.0,0.0,0.0,0.0,0.0
1098096,0.0,0.0,0.0,0.0,0.0,1.0,0.0
1098596,0.0,0.0,0.0,0.0,0.0,0.0,0.0
1098692,0.0,0.0,0.0,0.0,0.0,1.0,0.0
1099080,0.0,0.0,0.0,0.0,0.0,2.0,0.0
1099580,0.0,0.0,0.0,0.0,0.0,0.0,0.0
1100152,0.0,0.0,0.0,0.0,0.0,1.0,0.0
1100510,0.0,0.0,0.0,0.0,0.0,2.0,0.0
1101010,0.0,0.0,0.0,0.0,0.0,0.0,0.0
1101288,0.0,0.0,0.0,0.0,0.0,1.0,0.0
1101788,0.0,0.0,0.0,0.0,0.0,0.0,0.0
1101837,0.0,0.0,0.0,0.0,0.0,1.0,0.0
1102337,0.0,0.0,0.0,0.0,0.0,0.0,0.0
1102441,0.0,0.0,0.0,0.0,0.0,1.0,0.0
1102941,0.0,0.0,0.0,0.0,0.0,0.0,0.0
1103090,0.0,0.0,0.0,0.0,0.0,1.0,0.0
1103590,0.0,0.0,0.0,0.0,0.0,0.0,0.0
1103786,0.0,0.0,0.0,0.0,0.0,1.0,0.0
1103788,0.0,0.0,0.0,0.0,0.0,2.0,0.0
1104288,0.0,0.0,0.0,0.0,0.0,0.0,0.0
1105115,0.0,0.0,0.0,0.0,0.0,1.0,0.0
1105615,0.0,0.0,0.0,0.0,0.0,0.0,0.0
1106589,0.0,0.0,0.0,0.0,0.0,1.0,0.0
1107089,0.0,0.0,0.0,0.0,0.0,0.0,0.0
1107145,0.0,0.0,0.0,0.0,0.0,1.0,0.0
1107645,0.0,0.0,0.0,0.0,0.0,0.0,0.0
1107875,0.0,0.0,0.0,0.0,0.0,1.0,0.0
1108375,0.0,0.0,0.0,0.0,0.0,0.0,0.0
1108706,0.0,0.0,0.0,0.0,0.0,1.0,0.0
1109206,0.0,0.0,0.0,0.0,0.0,0.0,0.0
1109527,0.0,0.0,0.0,0.0,0.0,1.0,0.0
1110027,0.0,0.0,0.0,0.0,0.0,0.0,0.0
1111331,0.0,0.0,0.0,0.0,0.0,1.0,0.0
1111831,0.0,0.0,0.0,0.0,0.0,0.0,0.0
1115017,0.0,0.0,0.0,0.0,0.0,1.0,0.0
1115517,0.0,0.0,0.0,0.0,0.0,0.0,0.0
1119318,0.0,0.0,0.0,0.0,1.0,0.0,0.0
1119818,0.0,0.0,0.0,0.0,0.0,0.0,0.0
1120263,0.0,0.0,0.0,0.0,0.0,1.0,0.0
1120763,0.0,0.0,0.0,0.0,0.0,0.0,0.0
1121537,0.0,0.0,0.0,0.0,0.0,1.0,0.0
1122037,0.0,0.0,0.0,0.0,0.0,0.0,0.0
1122699,0.0,0.0,0.0,0.0,0.0,1.0,0.0
1123199,0.0,0.0,0.0,0.0,0.0,0.0,0.0
1123350,0.0,0.0,0.0,0.0,0.0,1.0,0.0
1123850,0.0,0.0,0.0,0.0,0.0,0.0,0.0
1125524,0.0,0.0,0.0,0.0,0.0,1.0,0.0
1126024,0.0,0.0,0.0,0.0,0.0,0.0,0.0
1127473,0.0,0.0,0.0,0.0,0.0,1.0,0.0
1127973,0.0,0.0,0.0,0.0,0.0,0.0,0.0
1130154,0.0,0.0,0.0,0.0,0.0,1.0,0.0
1130173,0.0,0.0,0.0,0.0,0.0,2.0,0.0
1130673,0.0,0.0,0.0,0.0,0.0,0.0,0.0
1132541,0.0,0.0,0.0,0.0,0.0,1.0,0.0
1132546,0.0,0.0,0.0,0.0,0.0,2.0,0.0
1133046,0.0,0.0,0.0,0.0,0.0,0.0,0.0
1135855,0.0,0.0,0.0,0.0,0.0,1.0,0.0
1136355,0.0,0.0,0.0,0.0,0.0,0.0,0.0
1139827,0.0,0.0,0.0,0.0,0.0,1.0,0.0
1140327,0.0,0.0,0.0,0.0,0.0,0.0,0.0
1142357,0.0,0.0,0.0,0.0,0.0,1.0,0.0
1142857,0.0,0.0,0.0,0.0,0.0,0.0,0.0
1143743,0.0,0.0,0.0,0.0,0.0,1.0,0.0
1144243,0.0,0.0,0.0,0.0,0.0,0.0,0.0
1146273,0.0,0.0,0.0,0.0,0.0,1.0,0.0
1146773,0.0,0.0,0.0,0.0,0.0,0.0,0.0
1147610,0.0,0.0,0.0,0.0,0.0,1.0,0.0
1148110,0.0,0.0,0.0,0.0,0.0,0.0,0.0
1150087,0.0,0.0,0.0,0.0,1.0,0.0,0.0
1150587,0.0,0.0,0.0,0.0,0.0,0.0,0.0
1150891,0.0,0.0,0.0,0.0,0.0,1.0,0.0
1151391,0.0,0.0,0.0,0.0,0.0,0.0,0.0
1151843,0.0,0.0,0.0,0.0,0.0,1.0,0.0
1152343,0.0,0.0,0.0,0.0,0.0,0.0,0.0
1153105,0.0,0.0,0.0,0.0,0.0,1.0,0.0
1153605,0.0,0.0,0.0,0.0,0.0,0.0,0.0
1155986,0.0,0.0,0.0,0.0,0.0,1.0,0.0
1156486,0.0,0.0,0.0,0.0,0.0,0.0,0.0
1157360,0.0,0.0,0.0,0.0,0.0,1.0,0.0
1157860,0.0,0.0,0.0,0.0,0.0,0.0,0.0
1159433,0.0,0.0,0.0,0.0,0.0,1.0,0.0
1159933,0.0,0.0,0.0,0.0,0.0,0.0,0.0
1160243,0.0,0.0,0.0,0.0,0.0,1.0,0.0
1160247,0.0,0.0,0.0,0.0,0.0,2.0,0.0
1160253,0.0,0.0,0.0,0.0,1.0,2.0,0.0
1160747,0.0,0.0,0.0,0.0,1.0,0.0,0.0
1160753,0.0,0.0,0.0,0.0,0.0,0.0,0.0
1169492,0.0,0.0,0.0,0.0,0.0,1.0,0.0
1169992,0.0,0.0,0.0,0.0,0.0,0.0,0.0
1171011,0.0,0.0,0.0,0.0,0.0,1.0,0.0
1171013,0.0,0.0,0.0,0.0,0.0,2.0,0.0
1171513,0.0,0.0,0.0,0.0,0.0,0.0,0.0
1172861,0.0,0.0,0.0,0.0,0.0,1.0,0.0
1173361,0.0,0.0,0.0,0.0,0.0,0.0,0.0
1174916,0.0,0.0,0.0,0.0,0.0,1.0,0.0
1175055,0.0,0.0,0.0,0.0,1.0,1.0,0.0
1175416,0.0,0.0,0.0,0.0,1.0,0.0,0.0
1175555,0.0,0.0,0.0,0.0,0.0,0.0,0.0
1181658,0.0,0.0,0.0,0.0,0.0,1.0,0.0
1182158,0.0,0.0,0.0,0.0,0.0,0.0,0.0
1182465,0.0,0.0,0.0,0.0,0.0,1.0,0.0
1182965,0.0,0.0,0.0,0.0,0.0,0.0,0.0
1186613,0.0,0.0,0.0,0.0,0.0,1.0,0.0
1187113,0.0,0.0,0.0,0.0,0.0,0.0,0.0
1187283,0.0,0.0,0.0,0.0,0.0,1.0,0.0
1187783,0.0,0.0,0.0,0.0,0.0,0.0,0.0
1188637,0.0,0.0,0.0,0.0,0.0,1.0,0.0
1189137,0.0,0.0,0.0,0.0,0.0,0.0,0.0
1190874,0.0,0.0,0.0,0.0,0.0,1.0,0.0
1191374,0.0,0.0,0.0,0.0,0.0,0.0,0.0
1191946,0.0,0.0,0.0,0.0,0.0,1.0,0.0
1192446,0.0,0.0,0.0,0.0,0.0,0.0,0.0
1194148,0.0,0.0,0.0,0.0,0.0,1.0,0.0
1194630,0.0,0.0,0.0,0.0,0.0,2.0,0.0
1195130,0.0,0.0,0.0,0.0,0.0,0.0,0.0
1196796,0.0,0.0,0.0,0.0,0.0,1.0,0.0
1196798,0.0,0.0,0.0,0.0,0.0,2.0,0.0
1197298,0.0,0.0,0.0,0.0,0.0,0.0,0.0
1200018,0.0,0.0,0.0,0.0,0.0,1.0,0.0
1200518,0.0,0.0,0.0,0.0,0.0,0.0,0.0
1201473,0.0,0.0,0.0,0.0,0.0,1.0,0.0
1201973,0.0,0.0,0.0,0.0,0.0,0.0,0.0
1202561,0.0,0.0,0.0,0.0,0.0,1.0,0.0
1203061,0.0,0.0,0.0,0.0,0.0,0.0,0.0
1205065,0.0,0.0,0.0,0.0,0.0,1.0,0.0
1205565,0.0,0.0,0.0,0.0,0.0,0.0,0.0
1206029,0.0,0.0,0.0,0.0,0.0,1.0,0.0
1206034,0.0,0.0,0.0,0.0,0.0,2.0,0.0
1206534,0.0,0.0,0.0,0.0,0.0,0.0,0.0
1211000,0.0,0.0,0.0,0.0,0.0,0.0,1.0
1211500,0.0,0.0,0.0,0.0,0.0,0.0,0.0
1211562,0.0,0.0,0.0,0.0,0.0,1.0,0.0
1211752,0.0,0.0,0.0,0.0,0.0,2.0,0.0
1211967,2.0,0.0,0.0,0.0,0.0,2.0,0.0
1212075,2.0,2.0,0.0,0.0,0.0,2.0,0.0
1212252,2.0,2.0,0.0,0.0,0.0,0.0,0.0
1212467,0.0,2.0,0.0,0.0,0.0,0.0,0.0
1212575,0.0,0.0,0.0,0.0,0.0,0.0,0.0
1212840,0.0,0.0,0.0,0.0,1.0,0.0,0.0
1213069,0.0,0.0,0.0,0.0,1.0,1.0,0.0
1213095,0.0,0.0,0.0,0.0,2.0,1.0,0.0
1213569,0.0,0.0,0.0,0.0,2.0,0.0,0.0
1213595,0.0,0.0,0.0,0.0,0.0,0.0,0.0
1213741,0.0,0.0,1.0,0.0,0.0,0.0,0.0
1214576,0.0,0.0,1.0,0.0,0.0,1.0,0.0
1215076,0.0,0.0,1.0,0.0,0.0,0.0,0.0
1216291,0.0,0.0,2.0,0.0,0.0,0.0,0.0
1216515,0.0,0.0,2.0,0.0,0.0,1.0,0.0
1216689,0.0,0.0,2.0,0.0,0.0,2.0,0.0
1216791,0.0,0.0,1.0,0.0,0.0,2.0,0.0
1217189,0.0,0.0,1.0,0.0,0.0,0.0,0.0
1217291,0.0,0.0,0.0,0.0,0.0,0.0,0.0
1217517,0.0,0.0,0.0,0.0,0.0,1.0,0.0
1217610,0.0,0.0,0.0,0.0,0.0,2.0,0.0
1218110,0.0,0.0,0.0,0.0,0.0,0.0,0.0
1218159,0.0,0.0,0.0,0.0,0.0,1.0,0.0
1218659,0.0,0.0,0.0,0.0,0.0,0.0,0.0
1218681,0.0,0.0,0.0,0.0,0.0,1.0,0.0
1218720,0.0,0.0,0.0,0.0,0.0,2.0,0.0
1219220,0.0,0.0,0.0,0.0,0.0,0.0,0.0
1219525,0.0,0.0,0.0,0.0,0.0,1.0,0.0
1219600,0.0,0.0,0.0,0.0,0.0,2.0,0.0
1220100,0.0,0.0,0.0,0.0,0.0,0.0,0.0
1220617,0.0,0.0,0.0,0.0,0.0,1.0,0.0
1221103,0.0,0.0,0.0,0.0,0.0,2.0,0.0
1221603,0.0,0.0,0.0,0.0,0.0,0.0,0.0
1221623,0.0,0.0,0.0,0.0,0.0,1.0,0.0
1222123,0.0,0.0,0.0,0.0,0.0,0.0,0.0
1222673,0.0,0.0,0.0,0.0,0.0,1.0,0.0
1223173,0.0,0.0,0.0,0.0,0.0,0.0,0.0
1224524,0.0,0.0,0.0,0.0,0.0,1.0,0.0
1225024,0.0,0.0,0.0,0.0,0.0,0.0,0.0
1228087,0.0,0.0,0.0,0.0,0.0,1.0,0.0
1228098,0.0,0.0,0.0,0.0,0.0,2.0,0.0
1228598,0.0,0.0,0.0,0.0,0.0,0.0,0.0
1228888,0.0,0.0,0.0,0.0,0.0,1.0,0.0
1229286,0.0,0.0,0.0,0.0,0.0,2.0,0.0
1229786,0.0,0.0,0.0,0.0,0.0,0.0,0.0
1231258,0.0,0.0,0.0,0.0,0.0,1.0,0.0
1231266,0.0,0.0,0.0,0.0,0.0,2.0,0.0
1231766,0.0,0.0,0.0,0.0,0.0,0.0,0.0
1232708,0.0,0.0,0.0,0.0,0.0,1.0,0.0
1232946,0.0,0.0,0.0,0.0,0.0,2.0,0.0
1233446,0.0,0.0,0.0,0.0,0.0,0.0,0.0
1233506,0.0,0.0,0.0,0.0,0.0,1.0,0.0
1234006,0.0,0.0,0.0,0.0,0.0,0.0,0.0
1235314,0.0,0.0,0.0,0.0,0.0,1.0,0.0
1235814,0.0,0.0,0.0,0.0,0.0,0.0,0.0
1235906,0.0,0.0,0.0,0.0,0.0,1.0,0.0
1236406,0.0,0.0,0.0,0.0,0.0,0.0,0.0
1238418,0.0,0.0,0.0,0.0,0.0,1.0,0.0
1238667,0.0,0.0,0.0,0.0,0.0,2.0,0.0
1239167,0.0,0.0,0.0,0.0,0.0,0.0,0.0
1239238,0.0,0.0,0.0,0.0,0.0,1.0,0.0
1239442,0.0,0.0,0.0,0.0,1.0,1.0,0.0
1239738,0.0,0.0,0.0,0.0,1.0,0.0,0.0
1239942,0.0,0.0,0.0,0.0,0.0,0.0,0.0
1240171,0.0,0.0,0.0,0.0,0.0,1.0,0.0
1240671,0.0,0.0,0.0,0.0,0.0,0.0,0.0
1240681,0.0,0.0,0.0,0.0,0.0,1.0,0.0
1241181,0.0,0.0,0.0,0.0,0.0,0.0,0.0
1241192,0.0,0.0,0.0,0.0,0.0,1.0,0.0
1241692,0.0,0.0,0.0,0.0,0.0,0.0,0.0
1241716,0.0,0.0,0.0,0.0,0.0,1.0,0.0
1242216,0.0,0.0,0.0,0.0,0.0,0.0,0.0
1242349,0.0,0.0,0.0,0.0,0.0,1.0,0.0
1242849,0.0,0.0,0.0,0.0,0.0,0.0,0.0
1244375,0.0,0.0,0.0,0.0,0.0,1.0,0.0
1244875,0.0,0.0,0.0,0.0,0.0,0.0,0.0
1245043,0.0,0.0,0.0,0.0,0.0,1.0,0.0
1245543,0.0,0.0,0.0,0.0,0.0,0.0,0.0
1245791,0.0,0.0,0.0,0.0,0.0,1.0,0.0
1246291,0.0,0.0,0.0,0.0,0.0,0.0,0.0
1247360,0.0,0.0,0.0,0.0,0.0,1.0,0.0
1247860,0.0,0.0,0.0,0.0,0.0,0.0,0.0
1248827,0.0,0.0,0.0,0.0,0.0,1.0,0.0
1248829,0.0,0.0,0.0,0.0,0.0,2.0,0.0
1249329,0.0,0.0,0.0,0.0,0.0,0.0,0.0
1250559,0.0,0.0,0.0,0.0,0.0,1.0,0.0
1251059,0.0,0.0,0.0,0.0,0.0,0.0,0.0
1252267,0.0,0.0,0.0,0.0,0.0,1.0,0.0
1252767,0.0,0.0,0.0,0.0,0.0,0.0,0.0
1252804,0.0,0.0,0.0,0.0,0.0,1.0,0.0
1253304,0.0,0.0,0.0,0.0,0.0,0.0,0.0
1253307,0.0,0.0,0.0,0.0,0.0,1.0,0.0
1253311,0.0,0.0,0.0,0.0,0.0,2.0,0.0
1253811,0.0,0.0,0.0,0.0,0.0,0.0,0.0
1254230,0.0,0.0,0.0,0.0,0.0,1.0,0.0
1254318,0.0,0.0,0.0,0.0,0.0,2.0,0.0
1254818,0.0,0.0,0.0,0.0,0.0,0.0,0.0
1255259,0.0,0.0,0.0,0.0,0.0,1.0,0.0
1255696,0.0,0.0,0.0,0.0,1.0,1.0,0.0
1255759,0.0,0.0,0.0,0.0,1.0,0.0,0.0
1256196,0.0,0.0,0.0,0.0,0.0,0.0,0.0
1256256,0.0,0.0,0.0,0.0,0.0,1.0,0.0
1256257,0.0,0.0,0.0,0.0,1.0,1.0,0.0
1256756,0.0,0.0,0.0,0.0,1.0,0.0,0.0
1256757,0.0,0.0,0.0,0.0,0.0,0.0,0.0
1257553,0.0,0.0,0.0,0.0,0.0,1.0,0.0
1258053,0.0,0.0,0.0,0.0,0.0,0.0,0.0
1258292,0.0,0.0,0.0,0.0,0.0,1.0,0.0
1258543,0.0,0.0,0.0,0.0,0.0,2.0,0.0
1259043,0.0,0.0,0.0,0.0,0.0,0.0,0.0
1259101,0.0,0.0,0.0,0.0,0.0,1.0,0.0
1259601,0.0,0.0,0.0,0.0,0.0,0.0,0.0
1260970,0.0,0.0,0.0,0.0,0.0,1.0,0.0
1261348,0.0,0.0,0.0,0.0,0.0,2.0,0.0
1261848,0.0,0.0,0.0,0.0,0.0,0.0,0.0
1262111,0.0,0.0,0.0,0.0,0.0,1.0,0.0
1262611,0.0,0.0,0.0,0.0,0.0,0.0,0.0
1262755,0.0,0.0,0.0,0.0,0.0,1.0,0.0
1263255,0.0,0.0,0.0,0.0,0.0,0.0,0.0
1263492,0.0,0.0,0.0,0.0,0.0,1.0,0.0
1263526,0.0,0.0,0.0,0.0,0.0,2.0,0.0
1264026,0.0,0.0,0.0,0.0,0.0,0.0,0.0
1264151,0.0,0.0,0.0,0.0,0.0,1.0,0.0
1264157,0.0,0.0,0.0,0.0,0.0,2.0,0.0
1264657,0.0,0.0,0.0,0.0,0.0,0.0,0.0
1265242,0.0,0.0,0.0,0.0,0.0,1.0,0.0
1265246,0.0,0.0,0.0,0.0,0.0,2.0,0.0
1265746,0.0,0.0,0.0,0.0,0.0,0.0,0.0
1266106,0.0,0.0,0.0,0.0,0.0,1.0,0.0
1266348,0.0,0.0,0.0,0.0,0.0,2.0,0.0
1266848,0.0,0.0,0.0,0.0,0.0,0.0,0.0
1267579,0.0,0.0,0.0,0.0,0.0,1.0,0.0
1267825,0.0,0.0,0.0,0.0,0.0,2.0,0.0
1268325,0.0,0.0,0.0,0.0,0.0,0.0,0.0
1268394,0.0,0.0,0.0,0.0,0.0,1.0,0.0
1268894,0.0,0.0,0.0,0.0,0.0,0.0,0.0
1269626,0.0,0.0,0.0,0.0,0.0,1.0,0.0
1270126,0.0,0.0,0.0,0.0,0.0,0.0,0.0
1270561,0.0,0.0,0.0,0.0,0.0,1.0,0.0
1271061,0.0,0.0,0.0,0.0,0.0,0.0,0.0
1271130,0.0,0.0,0.0,0.0,0.0,1.0,0.0
1271163,0.0,0.0,0.0,0.0,0.0,2.0,0.0
1271663,0.0,0.0,0.0,0.0,0.0,0.0,0.0
1273884,0.0,0.0,0.0,0.0,0.0,1.0,0.0
1274384,0.0,0.0,0.0,0.0,0.0,0.0,0.0
1275028,0.0,0.0,0.0,0.0,0.0,1.0,0.0
1275528,0.0,0.0,0.0,0.0,0.0,0.0,0.0
1275739,0.0,0.0,0.0,0.0,0.0,1.0,0.0
1276239,0.0,0.0,0.0,0.0,0.0,0.0,0.0
1276408,0.0,0.0,0.0,0.0,0.0,1.0,0.0
1276908,0.0,0.0,0.0,0.0,0.0,0.0,0.0
1277778,0.0,0.0,0.0,0.0,0.0,1.0,0.0
1278278,0.0,0.0,0.0,0.0,0.0,0.0,0.0
1278283,0.0,0.0,0.0,0.0,0.0,1.0,0.0
1278783,0.0,0.0,0.0,0.0,0.0,0.0,0.0
1279050,0.0,0.0,0.0,0.0,0.0,1.0,0.0
1279550,0.0,0.0,0.0,0.0,0.0,0.0,0.0
1280242,0.0,0.0,0.0,0.0,1.0,0.0,0.0
1280444,0.0,0.0,0.0,0.0,1.0,1.0,0.0
1280742,0.0,0.0,0.0,0.0,0.0,1.0,0.0
1280944,0.0,0.0,0.0,0.0,0.0,0.0,0.0
1281393,0.0,0.0,0.0,0.0,0.0,1.0,0.0
1281455,0.0,0.0,0.0,0.0,0.0,2.0,0.0
1281955,0.0,0.0,0.0,0.0,0.0,0.0,0.0
1282656,0.0,0.0,0.0,0.0,0.0,1.0,0.0
1283156,0.0,0.0,0.0,0.0,0.0,0.0,0.0
1283355,0.0,0.0,0.0,0.0,0.0,1.0,0.0
1283358,0.0,0.0,0.0,0.0,0.0,2.0,0.0
1283858,0.0,0.0,0.0,0.0,0.0,0.0,0.0
1284429,0.0,0.0,0.0,0.0,0.0,1.0,0.0
1284929,0.0,0.0,0.0,0.0,0.0,0.0,0.0
1285900,0.0,0.0,0.0,0.0,0.0,1.0,0.0
1285906,0.0,0.0,0.0,0.0,0.0,2.0,0.0
1285907,0.0,0.0,0.0,0.0,1.0,2.0,0.0
1286406,0.0,0.0,0.0,0.0,1.0,0.0,0.0
1286407,0.0,0.0,0.0,0.0,0.0,0.0,0.0
1286820,0.0,0.0,0.0,0.0,0.0,1.0,0.0
1287320,0.0,0.0,0.0,0.0,0.0,0.0,0.0
1287913,0.0,0.0,0.0,0.0,0.0,1.0,0.0
1288413,0.0,0.0,0.0,0.0,0.0,0.0,0.0
1288552,0.0,0.0,0.0,0.0,0.0,1.0,0.0
1289052,0.0,0.0,0.0,0.0,0.0,0.0,0.0
1289140,0.0,0.0,0.0,0.0,0.0,1.0,0.0
1289640,0.0,0.0,0.0,0.0,0.0,0.0,0.0
1289665,0.0,0.0,0.0,0.0,0.0,1.0,0.0
1289690,0.0,0.0,0.0,0.0,0.0,2.0,0.0
1290190,0.0,0.0,0.0,0.0,0.0,0.0,0.0
1290459,0.0,0.0,0.0,0.0,0.0,1.0,0.0
1290461,0.0,0.0,0.0,0.0,0.0,2.0,0.0
1290961,0.0,0.0,0.0,0.0,0.0,0.0,0.0
1291676,0.0,0.0,0.0,0.0,0.0,1.0,0.0
1292176,0.0,0.0,0.0,0.0,0.0,0.0,0.0
1293052,0.0,0.0,0.0,0.0,0.0,1.0,0.0
1293552,0.0,0.0,0.0,0.0,0.0,0.0,0.0
1294960,0.0,0.0,0.0,0.0,0.0,1.0,0.0
1294972,0.0,0.0,0.0,0.0,0.0,2.0,0.0
1295472,0.0,0.0,0.0,0.0,0.0,0.0,0.0
1296192,0.0,0.0,0.0,0.0,0.0,1.0,0.0
1296692,0.0,0.0,0.0,0.0,0.0,0.0,0.0
1296767,0.0,0.0,0.0,0.0,0.0,1.0,0.0
1297267,0.0,0.0,0.0,0.0,0.0,0.0,0.0
1297456,0.0,0.0,0.0,0.0,0.0,1.0,0.0
1297471,0.0,0.0,0.0,0.0,0.0,2.0,0.0
1297971,0.0,0.0,0.0,0.0,0.0,0.0,0.0
1298255,0.0,0.0,0.0,0.0,0.0,1.0,0.0
1298755,0.0,0.0,0.0,0.0,0.0,0.0,0.0
1298892,0.0,0.0,0.0,0.0,0.0,1.0,0.0
1299392,0.0,0.0,0.0,0.0,0.0,0.0,0.0
1299738,0.0,2.0,0.0,0.0,0.0,0.0,0.0
1299748,0.0,2.0,0.0,0.0,0.0,1.0,0.0
1300238,0.0,0.0,0.0,0.0,0.0,1.0,0.0
1300248,0.0,0.0,0.0,0.0,0.0,0.0,0.0
1300430,0.0,0.0,0.0,0.0,0.0,1.0,0.0
1300930,0.0,0.0,0.0,0.0,0.0,0.0,0.0
1301766,0.0,0.0,0.0,0.0,0.0,1.0,0.0
1302266,0.0,0.0,0.0,0.0,0.0,0.0,0.0
1302784,0.0,0.0,0.0,0.0,0.0,1.0,0.0
1302786,0.0,0.0,0.0,0.0,0.0,2.0,0.0
1303286,0.0,0.0,0.0,0.0,0.0,0.0,0.0
1303760,0.0,0.0,0.0,0.0,0.0,1.0,0.0
1303775,0.0,0.0,0.0,0.0,0.0,2.0,0.0
1304275,0.0,0.0,0.0,0.0,0.0,0.0,0.0
1304506,0.0,0.0,0.0,0.0,0.0,1.0,0.0
1305006,0.0,0.0,0.0,0.0,0.0,0.0,0.0
1305724,0.0,0.0,0.0,0.0,0.0,1.0,0.0
1306224,0.0,0.0,0.0,0.0,0.0,0.0,0.0
1307281,0.0,0.0,0.0,0.0,0.0,1.0,0.0
1307286,0.0,0.0,0.0,0.0,0.0,2.0,0.0
1307786,0.0,0.0,0.0,0.0,0.0,0.0,0.0
1307931,0.0,0.0,0.0,0.0,0.0,1.0,0.0
1308037,0.0,0.0,0.0,0.0,0.0,2.0,0.0
1308537,0.0,0.0,0.0,0.0,0.0,0.0,0.0
1310195,0.0,0.0,0.0,0.0,0.0,1.0,0.0
1310695,0.0,0.0,0.0,0.0,0.0,0.0,0.0
1311665,0.0,0.0,0.0,0.0,0.0,1.0,0.0
1311667,0.0,0.0,0.0,0.0,0.0,2.0,0.0
1312167,0.0,0.0,0.0,0.0,0.0,0.0,0.0
1318102,0.0,0.0,0.0,0.0,0.0,1.0,0.0
1318602,0.0,0.0,0.0,0.0,0.0,0.0,0.0
1321588,0.0,0.0,0.0,0.0,0.0,1.0,0.0
1322088,0.0,0.0,0.0,0.0,0.0,0.0,0.0
1322224,0.0,0.0,0.0,0.0,0.0,1.0,0.0
1322237,0.0,0.0,0.0,0.0,1.0,1.0,0.0
1322245,0.0,0.0,0.0,0.0,1.0,2.0,0.0
1322249,0.0,0.0,0.0,0.0,2.0,2.0,0.0
1322745,0.0,0.0,0.0,0.0,2.0,0.0,0.0
1322749,0.0,0.0,0.0,0.0,0.0,0.0,0.0
1328173,0.0,0.0,0.0,0.0,0.0,1.0,0.0
1328673,0.0,0.0,0.0,0.0,0.0,0.0,0.0
1330886,0.0,0.0,0.0,0.0,0.0,1.0,0.0
1331386,0.0,0.0,0.0,0.0,0.0,0.0,0.0
1334466,0.0,0.0,0.0,0.0,0.0,1.0,0.0
1334966,0.0,0.0,0.0,0.0,0.0,0.0,0.0
1336422,0.0,0.0,0.0,0.0,0.0,1.0,0.0
1336922,0.0,0.0,0.0,0.0,0.0,0.0,0.0
1344028,0.0,0.0,0.0,0.0,0.0,1.0,0.0
1344528,0.0,0.0,0.0,0.0,0.0,0.0,0.0
1349948,0.0,0.0,0.0,0.0,0.0,1.0,0.0
1350448,0.0,0.0,0.0,0.0,0.0,0.0,0.0
1350740,0.0,0.0,0.0,0.0,0.0,1.0,0.0
1351240,0.0,0.0,0.0,0.0,0.0,0.0,0.0
1353257,0.0,0.0,0.0,0.0,0.0,1.0,0.0
1353757,0.0,0.0,0.0,0.0,0.0,0.0,0.0
1359477,0.0,0.0,0.0,0.0,0.0,1.0,0.0
1359977,0.0,0.0,0.0,0.0,0.0,0.0,0.0
1360340,0.0,0.0,0.0,0.0,0.0,1.0,0.0
1360840,0.0,0.0,0.0,0.0,0.0,0.0,0.0
1362507,0.0,0.0,0.0,0.0,0.0,1.0,0.0
1363007,0.0,0.0,0.0,0.0,0.0,0.0,0.0
1366330,0.0,0.0,0.0,0.0,0.0,1.0,0.0
1366334,0.0,0.0,0.0,0.0,0.0,2.0,0.0
1366834,0.0,0.0,0.0,0.0,0.0,0.0,0.0
1368671,0.0,0.0,0.0,0.0,0.0,1.0,0.0
1369171,0.0,0.0,0.0,0.0,0.0,0.0,0.0
1371383,0.0,0.0,0.0,0.0,0.0,1.0,0.0
1371883,0.0,0.0,0.0,0.0,0.0,0.0,0.0
1376837,0.0,0.0,0.0,0.0,0.0,1.0,0.0
1377337,0.0,0.0,0.0,0.0,0.0,0.0,0.0
1378355,0.0,0.0,0.0,0.0,0.0,1.0,0.0
1378855,0.0,0.0,0.0,0.0,0.0,0.0,0.0
1379029,0.0,0.0,0.0,0.0,0.0,1.0,0.0
1379529,0.0,0.0,0.0,0.0,0.0,0.0,0.0
1379838,0.0,0.0,0.0,0.0,0.0,1.0,0.0
1380338,0.0,0.0,0.0,0.0,0.0,0.0,0.0
1382042,0.0,0.0,0.0,0.0,0.0,1.0,0.0
1382045,0.0,0.0,0.0,0.0,0.0,2.0,0.0
1382545,0.0,0.0,0.0,0.0,0.0,0.0,0.0
1384429,0.0,0.0,0.0,0.0,0.0,1.0,0.0
1384929,0.0,0.0,0.0,0.0,0.0,0.0,0.0
1387140,0.0,0.0,0.0,0.0,0.0,1.0,0.0
1387288,0.0,0.0,0.0,0.0,0.0,2.0,0.0
1387788,0.0,0.0,0.0,0.0,0.0,0.0,0.0
1388507,0.0,0.0,0.0,0.0,0.0,1.0,0.0
1389007,0.0,0.0,0.0,0.0,0.0,0.0,0.0
1389580,0.0,0.0,0.0,0.0,1.0,0.0,0.0
1389583,0.0,0.0,0.0,0.0,1.0,1.0,0.0
1390080,0.0,0.0,0.0,0.0,0.0,1.0,0.0
1390083,0.0,0.0,0.0,0.0,0.0,0.0,0.0
1391767,0.0,0.0,0.0,0.0,0.0,1.0,0.0
1392267,0.0,0.0,0.0,0.0,0.0,0.0,0.0
1396418,0.0,0.0,0.0,0.0,0.0,1.0,0.0
1396918,0.0,0.0,0.0,0.0,0.0,0.0,0.0
1398726,0.0,0.0,0.0,0.0,1.0,0.0,0.0
1399222,0.0,0.0,0.0,0.0,1.0,1.0,0.0
1399226,0.0,0.0,0.0,0.0,0.0,1.0,0.0
1399722,0.0,0.0,0.0,0.0,0.0,0.0,0.0
1399853,0.0,0.0,0.0,0.0,0.0,1.0,0.0
1400353,0.0,0.0,0.0,0.0,0.0,0.0,0.0
1400505,0.0,0.0,0.0,0.0,0.0,1.0,0.0
1401005,0.0,0.0,0.0,0.0,0.0,0.0,0.0
1402226,0.0,0.0,0.0,0.0,0.0,1.0,0.0
1402726,0.0,0.0,0.0,0.0,0.0,0.0,0.0
1405379,0.0,0.0,0.0,0.0,0.0,1.0,0.0
1405879,0.0,0.0,0.0,0.0,0.0,0.0,0.0
1407199,0.0,0.0,0.0,0.0,0.0,1.0,0.0
1407200,0.0,0.0,0.0,0.0,0.0,2.0,0.0
1407700,0.0,0.0,0.0,0.0,0.0,0.0,0.0
1410181,0.0,0.0,0.0,0.0,0.0,1.0,0.0
1410681,0.0,0.0,0.0,0.0,0.0,0.0,0.0
1410954,0.0,0.0,0.0,0.0,0.0,1.0,0.0
1411454,0.0,0.0,0.0,0.0,0.0,0.0,0.0
1411818,0.0,0.0,0.0,0.0,0.0,1.0,0.0
1412318,0.0,0.0,0.0,0.0,0.0,0.0,0.0
1412476,0.0,0.0,0.0,0.0,0.0,1.0,0.0
1412976,0.0,0.0,0.0,0.0,0.0,0.0,0.0
1413000,0.0,0.0,0.0,0.0,0.0,0.0,1.0
1413500,0.0,0.0,0.0,0.0,0.0,0.0,0.0
1413619,0.0,0.0,0.0,0.0,0.0,1.0,0.0
1414111,2.0,0.0,0.0,0.0,0.0,1.0,0.0
1414132,2.0,0.0,0.0,0.0,0.0,2.0,0.0
1414160,2.0,2.0,0.0,0.0,0.0,2.0,0.0
1414261,2.0,2.0,0.0,0.0,1.0,2.0,0.0
1414417,2.0,2.0,0.0,0.0,2.0,2.0,0.0
1414611,0.0,2.0,0.0,0.0,2.0,2.0,0.0
1414632,0.0,2.0,0.0,0.0,2.0,0.0,0.0
1414660,0.0,0.0,0.0,0.0,2.0,0.0,0.0
1414917,0.0,0.0,0.0,0.0,0.0,0.0,0.0
1415711,2.0,0.0,0.0,0.0,0.0,0.0,0.0
1416211,0.0,0.0,0.0,0.0,0.0,0.0,0.0
1416622,0.0,0.0,1.0,0.0,0.0,0.0,0.0
1416645,0.0,0.0,1.0,0.0,0.0,1.0,0.0
1417140,0.0,0.0,1.0,0.0,0.0,2.0,0.0
1417640,0.0,0.0,1.0,0.0,0.0,0.0,0.0
1417882,0.0,0.0,1.0,0.0,0.0,1.0,0.0
1418382,0.0,0.0,1.0,0.0,0.0,0.0,0.0
1418576,0.0,0.0,1.0,0.0,0.0,1.0,0.0
1418672,0.0,0.0,1.0,0.0,0.0,2.0,0.0
1418707,0.0,2.0,1.0,0.0,0.0,2.0,0.0
1418858,0.0,2.0,2.0,0.0,0.0,2.0,0.0
1419172,0.0,2.0,2.0,0.0,0.0,0.0,0.0
1419207,0.0,0.0,2.0,0.0,0.0,0.0,0.0
1419358,0.0,0.0,1.0,0.0,0.0,0.0,0.0
1419363,0.0,0.0,1.0,0.0,0.0,1.0,0.0
1419863,0.0,0.0,1.0,0.0,0.0,0.0,0.0
1421774,0.0,0.0,1.0,0.0,0.0,1.0,0.0
1422274,0.0,0.0,1.0,0.0,0.0,0.0,0.0
1422312,0.0,0.0,1.0,0.0,0.0,1.0,0.0
1422812,0.0,0.0,1.0,0.0,0.0,0.0,0.0
1424174,0.0,0.0,1.0,0.0,0.0,1.0,0.0
1424674,0.0,0.0,1.0,0.0,0.0,0.0,0.0
1424732,0.0,0.0,1.0,0.0,0.0,1.0,0.0
1425108,0.0,0.0,1.0,0.0,0.0,2.0,0.0
1425608,0.0,0.0,1.0,0.0,0.0,0.0,0.0
1425838,0.0,0.0,1.0,0.0,0.0,1.0,0.0
1426338,0.0,0.0,1.0,0.0,0.0,0.0,0.0
1426458,0.0,0.0,1.0,0.0,0.0,1.0,0.0
1426958,0.0,0.0,1.0,0.0,0.0,0.0,0.0
1427980,0.0,0.0,1.0,0.0,0.0,1.0,0.0
1428480,0.0,0.0,1.0,0.0,0.0,0.0,0.0
1428568,0.0,0.0,1.0,0.0,0.0,1.0,0.0
1429068,0.0,0.0,1.0,0.0,0.0,0.0,0.0
1429075,0.0,0.0,1.0,0.0,0.0,1.0,0.0
1429575,0.0,0.0,1.0,0.0,0.0,0.0,0.0
1429790,0.0,0.0,1.0,0.0,0.0,1.0,0.0
1430029,0.0,0.0,1.0,0.0,0.0,2.0,0.0
1430529,0.0,0.0,1.0,0.0,0.0,0.0,0.0
1432635,0.0,0.0,1.0,0.0,0.0,1.0,0.0
1433135,0.0,0.0,1.0,0.0,0.0,0.0,0.0
1433273,0.0,0.0,1.0,0.0,0.0,1.0,0.0
1433773,0.0,0.0,1.0,0.0,0.0,0.0,0.0
1434113,0.0,0.0,1.0,0.0,0.0,1.0,0.0
1434613,0.0,0.0,1.0,0.0,0.0,0.0,0.0
1434933,0.0,2.0,1.0,0.0,0.0,0.0,0.0
1435433,0.0,0.0,1.0,0.0,0.0,0.0,0.0
1435791,0.0,0.0,1.0,0.0,0.0,1.0,0.0
1435795,0.0,0.0,1.0,0.0,0.0,2.0,0.0
1436295,0.0,0.0,1.0,0.0,0.0,0.0,0.0
1436456,0.0,0.0,1.0,0.0,0.0,1.0,0.0
1436956,0.0,0.0,1.0,0.0,0.0,0.0,0.0
1438281,0.0,0.0,1.0,0.0,0.0,1.0,0.0
1438781,0.0,0.0,1.0,0.0,0.0,0.0,0.0
1439692,0.0,0.0,1.0,0.0,0.0,1.0,0.0
1439694,0.0,0.0,1.0,0.0,0.0,2.0,0.0
1440194,0.0,0.0,1.0,0.0,0.0,0.0,0.0
1440225,0.0,0.0,1.0,0.0,0.0,1.0,0.0
1440292,0.0,2.0,1.0,0.0,0.0,1.0,0.0
1440725,0.0,2.0,1.0,0.0,0.0,0.0,0.0
1440743,0.0,2.0,1.0,0.0,0.0,1.0,0.0
1440792,0.0,0.0,1.0,0.0,0.0,1.0,0.0
1441026,0.0,0.0,1.0,0.0,0.0,2.0,0.0
1441526,0.0,0.0,1.0,0.0,0.0,0.0,0.0
1442027,0.0,0.0,1.0,0.0,0.0,1.0,0.0
1442527,0.0,0.0,1.0,0.0,0.0,0.0,0.0
1442992,0.0,0.0,1.0,0.0,0.0,1.0,0.0
1443492,0.0,0.0,1.0,0.0,0.0,0.0,0.0
1443568,0.0,0.0,1.0,0.0,0.0,1.0,0.0
1443570,0.0,0.0,1.0,0.0,0.0,2.0,0.0
1444070,0.0,0.0,1.0,0.0,0.0,0.0,0.0
1444099,0.0,0.0,1.0,0.0,0.0,1.0,0.0
1444189,0.0,0.0,1.0,0.0,0.0,2.0,0.0
1444689,0.0,0.0,1.0,0.0,0.0,0.0,0.0
1446750,0.0,0.0,1.0,0.0,0.0,1.0,0.0
1447250,0.0,0.0,1.0,0.0,0.0,0.0,0.0
1447760,0.0,0.0,1.0,0.0,1.0,0.0,0.0
1447762,0.0,0.0,1.0,0.0,2.0,0.0,0.0
1448262,0.0,0.0,1.0,0.0,0.0,0.0,0.0
1448613,0.0,0.0,1.0,0.0,0.0,1.0,0.0
1448617,0.0,0.0,1.0,0.0,0.0,2.0,0.0
1449117,0.0,0.0,1.0,0.0,0.0,0.0,0.0
1449808,0.0,0.0,1.0,0.0,0.0,1.0,0.0
1450308,0.0,0.0,1.0,0.0,0.0,0.0,0.0
1450337,0.0,0.0,1.0,0.0,0.0,1.0,0.0
1450341,0.0,0.0,1.0,0.0,0.0,2.0,0.0
1450841,0.0,0.0,1.0,0.0,0.0,0.0,0.0
1451323,0.0,0.0,1.0,0.0,0.0,1.0,0.0
1451823,0.0,0.0,1.0,0.0,0.0,0.0,0.0
1452066,0.0,0.0,1.0,0.0,0.0,1.0,0.0
1452566,0.0,0.0,1.0,0.0,0.0,0.0,0.0
1453209,0.0,0.0,1.0,0.0,1.0,0.0,0.0
1453401,0.0,0.0,1.0,0.0,1.0,1.0,0.0
1453709,0.0,0.0,1.0,0.0,0.0,1.0,0.0
1453901,0.0,0.0,1.0,0.0,0.0,0.0,0.0
1454836,0.0,0.0,1.0,0.0,0.0,1.0,0.0
1455336,0.0,0.0,1.0,0.0,0.0,0.0,0.0
1455846,0.0,0.0,1.0,0.0,0.0,1.0,0.0
1456346,0.0,0.0,1.0,0.0,0.0,0.0,0.0
1457231,0.0,0.0,1.0,0.0,0.0,1.0,0.0
1457731,0.0,0.0,1.0,0.0,0.0,0.0,0.0
1458194,0.0,0.0,1.0,0.0,0.0,1.0,0.0
1458305,0.0,0.0,1.0,0.0,0.0,2.0,0.0
1458805,0.0,0.0,1.0,0.0,0.0,0.0,0.0
1459312,0.0,0.0,1.0,0.0,0.0,1.0,0.0
1459321,0.0,0.0,1.0,0.0,0.0,2.0,0.0
1459821,0.0,0.0,1.0,0.0,0.0,0.0,0.0
1459827,0.0,0.0,1.0,0.0,0.0,1.0,0.0
1460327,0.0,0.0,1.0,0.0,0.0,0.0,0.0
1460806,0.0,0.0,1.0,0.0,0.0,1.0,0.0
1461306,0.0,0.0,1.0,0.0,0.0,0.0,0.0
1461328,0.0,0.0,1.0,0.0,0.0,1.0,0.0
1461337,0.0,0.0,1.0,0.0,0.0,2.0,0.0
1461837,0.0,0.0,1.0,0.0,0.0,0.0,0.0
1462107,0.0,0.0,1.0,0.0,0.0,1.0,0.0
1462612,0.0,0.0,1.0,0.0,0.0,2.0,0.0
1463112,0.0,0.0,1.0,0.0,0.0,0.0,0.0
1464217,0.0,0.0,1.0,0.0,0.0,1.0,0.0
1464465,0.0,0.0,1.0,0.0,0.0,2.0,0.0
1464955,0.0,0.0,1.0,0.0,1.0,2.0,0.0
1464965,0.0,0.0,1.0,0.0,1.0,0.0,0.0
1465455,0.0,0.0,1.0,0.0,0.0,0.0,0.0
1465725,0.0,0.0,1.0,0.0,0.0,1.0,0.0
1466225,0.0,0.0,1.0,0.0,0.0,0.0,0.0
1466271,0.0,2.0,1.0,0.0,0.0,0.0,0.0
1466272,0.0,2.0,1.0,0.0,0.0,1.0,0.0
1466274,0.0,2.0,1.0,0.0,0.0,2.0,0.0
1466771,0.0,0.0,1.0,0.0,0.0,2.0,0.0
1466774,0.0,0.0,1.0,0.0,0.0,0.0,0.0
1467250,0.0,0.0,1.0,0.0,0.0,1.0,0.0
1467750,0.0,0.0,1.0,0.0,0.0,0.0,0.0
1467891,0.0,0.0,1.0,0.0,0.0,1.0,0.0
1468147,0.0,0.0,1.0,0.0,0.0,2.0,0.0
1468647,0.0,0.0,1.0,0.0,0.0,0.0,0.0
1468843,0.0,0.0,1.0,0.0,0.0,1.0,0.0
1469343,0.0,0.0,1.0,0.0,0.0,0.0,0.0
1469719,0.0,0.0,1.0,0.0,0.0,1.0,0.0
1470219,0.0,0.0,1.0,0.0,0.0,0.0,0.0
1470478,0.0,0.0,1.0,0.0,0.0,1.0,0.0
1470480,0.0,0.0,1.0,0.0,0.0,2.0,0.0
1470865,0.0,0.0,1.0,0.0,1.0,2.0,0.0
1470980,0.0,0.0,1.0,0.0,1.0,0.0,0.0
1471365,0.0,0.0,1.0,0.0,0.0,0.0,0.0
1471576,0.0,0.0,1.0,0.0,0.0,1.0,0.0
1472076,0.0,0.0,1.0,0.0,0.0,0.0,0.0
1472396,0.0,0.0,1.0,0.0,0.0,1.0,0.0
1472896,0.0,0.0,1.0,0.0,0.0,0.0,0.0
1473092,0.0,0.0,1.0,0.0,0.0,1.0,0.0
1473583,0.0,2.0,1.0,0.0,0.0,1.0,0.0
1473585,0.0,2.0,1.0,0.0,0.0,2.0,0.0
1474083,0.0,0.0,1.0,0.0,0.0,2.0,0.0
1474085,0.0,0.0,1.0,0.0,0.0,0.0,0.0
1474327,0.0,0.0,1.0,0.0,0.0,1.0,0.0
1474827,0.0,0.0,1.0,0.0,0.0,0.0,0.0
1475602,0.0,0.0,1.0,0.0,0.0,1.0,0.0
1476102,0.0,0.0,1.0,0.0,0.0,0.0,0.0
1476357,0.0,0.0,1.0,0.0,0.0,1.0,0.0
1476645,0.0,0.0,1.0,0.0,0.0,2.0,0.0
1477145,0.0,0.0,1.0,0.0,0.0,0.0,0.0
1477977,0.0,0.0,1.0,0.0,1.0,0.0,0.0
1478408,0.0,0.0,1.0,0.0,1.0,1.0,0.0
1478477,0.0,0.0,1.0,0.0,0.0,1.0,0.0
1478908,0.0,0.0,1.0,0.0,0.0,0.0,0.0
1479062,0.0,0.0,1.0,0.0,0.0,1.0,0.0
1479562,0.0,0.0,1.0,0.0,0.0,0.0,0.0
1480537,0.0,0.0,1.0,0.0,0.0,1.0,0.0
1481037,0.0,0.0,1.0,0.0,0.0,0.0,0.0
1481533,0.0,0.0,1.0,0.0,0.0,1.0,0.0
1481538,0.0,0.0,1.0,0.0,0.0,2.0,0.0
1482038,0.0,0.0,1.0,0.0,0.0,0.0,0.0
1482229,0.0,0.0,1.0,0.0,0.0,1.0,0.0
1482687,0.0,0.0,1.0,0.0,0.0,2.0,0.0
1483187,0.0,0.0,1.0,0.0,0.0,0.0,0.0
1483887,0.0,0.0,1.0,0.0,0.0,1.0,0.0
1484387,0.0,0.0,1.0,0.0,0.0,0.0,0.0
1484402,0.0,0.0,1.0,0.0,0.0,1.0,0.0
1484786,0.0,0.0,1.0,0.0,0.0,2.0,0.0
1484921,0.0,0.0,1.0,0.0,1.0,2.0,0.0
1485286,0.0,0.0,1.0,0.0,1.0,0.0,0.0
1485421,0.0,0.0,1.0,0.0,0.0,0.0,0.0
1485678,0.0,0.0,1.0,0.0,0.0,1.0,0.0
1486178,0.0,0.0,1.0,0.0,0.0,0.0,0.0
1486638,0.0,0.0,1.0,0.0,0.0,1.0,0.0
1486888,0.0,0.0,1.0,0.0,0.0,2.0,0.0
1487388,0.0,0.0,1.0,0.0,0.0,0.0,0.0
1487783,0.0,0.0,1.0,0.0,0.0,1.0,0.0
1487985,0.0,0.0,1.0,0.0,0.0,2.0,0.0
1488485,0.0,0.0,1.0,0.0,0.0,0.0,0.0
1489920,0.0,0.0,1.0,0.0,0.0,1.0,0.0
1490420,0.0,0.0,1.0,0.0,0.0,0.0,0.0
1490606,0.0,0.0,1.0,0.0,0.0,1.0,0.0
1490627,0.0,0.0,1.0,0.0,0.0,2.0,0.0
1491127,0.0,0.0,1.0,0.0,0.0,0.0,0.0
1492174,0.0,0.0,1.0,0.0,0.0,1.0,0.0
1492674,0.0,0.0,1.0,0.0,0.0,0.0,0.0
1492726,0.0,0.0,1.0,0.0,0.0,1.0,0.0
1492740,0.0,0.0,1.0,0.0,0.0,2.0,0.0
1493240,0.0,0.0,1.0,0.0,0.0,0.0,0.0
1493576,0.0,0.0,1.0,0.0,0.0,1.0,0.0
1493726,0.0,0.0,1.0,0.0,0.0,2.0,0.0
1494226,0.0,0.0,1.0,0.0,0.0,0.0,0.0
1494306,0.0,0.0,1.0,0.0,0.0,1.0,0.0
1494340,0.0,0.0,1.0,0.0,0.0,2.0,0.0
1494840,0.0,0.0,1.0,0.0,0.0,0.0,0.0
1495062,0.0,0.0,1.0,0.0,0.0,1.0,0.0
1495064,0.0,0.0,1.0,0.0,0.0,2.0,0.0
1495564,0.0,0.0,1.0,0.0,0.0,0.0,0.0
1495642,0.0,0.0,1.0,0.0,0.0,1.0,0.0
1495694,0.0,0.0,1.0,0.0,0.0,2.0,0.0
1496194,0.0,0.0,1.0,0.0,0.0,0.0,0.0
1496531,0.0,0.0,1.0,0.0,0.0,1.0,0.0
1497031,0.0,0.0,1.0,0.0,0.0,0.0,0.0
1497159,0.0,0.0,1.0,0.0,0.0,1.0,0.0
1497659,0.0,0.0,1.0,0.0,0.0,0.0,0.0
1497668,0.0,0.0,1.0,0.0,0.0,1.0,0.0
1497674,0.0,0.0,1.0,0.0,0.0,2.0,0.0
1498174,0.0,0.0,1.0,0.0,0.0,0.0,0.0
1498539,0.0,0.0,1.0,0.0,0.0,1.0,0.0
1499039,0.0,0.0,1.0,0.0,0.0,0.0,0.0
1499441,0.0,0.0,1.0,0.0,0.0,1.0,0.0
1499636,0.0,0.0,1.0,0.0,0.0,2.0,0.0
1500136,0.0,0.0,1.0,0.0,0.0,0.0,0.0
1500245,0.0,0.0,1.0,0.0,0.0,1.0,0.0
1500271,0.0,0.0,1.0,0.0,0.0,2.0,0.0
1500281,0.0,0.0,1.0,0.0,1.0,2.0,0.0
1500771,0.0,0.0,1.0,0.0,1.0,0.0,0.0
1500781,0.0,0.0,1.0,0.0,0.0,0.0,0.0
1501094,0.0,0.0,1.0,0.0,0.0,1.0,0.0
1501594,0.0,0.0,1.0,0.0,0.0,0.0,0.0
1501691,0.0,0.0,1.0,0.0,0.0,1.0,0.0
1502191,0.0,0.0,1.0,0.0,0.0,0.0,0.0
1502747,0.0,0.0,1.0,0.0,0.0,1.0,0.0
1502749,0.0,0.0,1.0,0.0,0.0,2.0,0.0
1503249,0.0,0.0,1.0,0.0,0.0,0.0,0.0
1503334,0.0,0.0,1.0,0.0,0.0,1.0,0.0
1503834,0.0,0.0,1.0,0.0,0.0,0.0,0.0
1503900,0.0,0.0,1.0,0.0,0.0,1.0,0.0
1504400,0.0,0.0,1.0,0.0,0.0,0.0,0.0
1504429,0.0,0.0,1.0,0.0,0.0,1.0,0.0
1504929,0.0,0.0,1.0,0.0,0.0,0.0,0.0
1505181,0.0,0.0,1.0,0.0,0.0,1.0,0.0
1505681,0.0,0.0,1.0,0.0,0.0,0.0,0.0
1506503,0.0,0.0,1.0,0.0,0.0,1.0,0.0
1506963,0.0,0.0,1.0,0.0,0.0,2.0,0.0
1507463,0.0,0.0,1.0,0.0,0.0,0.0,0.0
1507620,0.0,0.0,1.0,0.0,0.0,1.0,0.0
1508120,0.0,0.0,1.0,0.0,0.0,0.0,0.0
1508328,0.0,0.0,1.0,0.0,0.0,1.0,0.0
1508767,0.0,0.0,1.0,0.0,0.0,2.0,0.0
1509267,0.0,0.0,1.0,0.0,0.0,0.0,0.0
1509660,0.0,0.0,1.0,0.0,0.0,1.0,0.0
1510160,0.0,0.0,1.0,0.0,0.0,0.0,0.0
1510719,0.0,0.0,1.0,0.0,0.0,1.0,0.0
1511219,0.0,0.0,1.0,0.0,0.0,0.0,0.0
1511492,0.0,0.0,1.0,0.0,0.0,1.0,0.0
1511992,0.0,0.0,1.0,0.0,0.0,2.0,0.0
1512049,0.0,0.0,1.0,0.0,1.0,2.0,0.0
1512492,0.0,0.0,1.0,0.0,1.0,0.0,0.0
1512549,0.0,0.0,1.0,0.0,0.0,0.0,0.0
1512776,0.0,0.0,1.0,0.0,0.0,1.0,0.0
1513276,0.0,0.0,1.0,0.0,0.0,0.0,0.0
1513598,0.0,0.0,1.0,0.0,0.0,1.0,0.0
1513771,0.0,0.0,1.0,0.0,0.0,2.0,0.0
1514271,0.0,0.0,1.0,0.0,0.0,0.0,0.0
1515365,0.0,0.0,1.0,0.0,0.0,1.0,0.0
1515865,0.0,0.0,1.0,0.0,0.0,0.0,0.0
1517358,0.0,0.0,0.0,0.0,0.0,0.0,0.0
1521107,0.0,0.0,0.0,0.0,0.0,1.0,0.0
1521607,0.0,0.0,0.0,0.0,0.0,0.0,0.0
1521632,0.0,0.0,0.0,0.0,0.0,1.0,0.0
1522132,0.0,0.0,0.0,0.0,0.0,0.0,0.0
1523675,0.0,0.0,0.0,0.0,1.0,0.0,0.0
1524175,0.0,0.0,0.0,0.0,0.0,0.0,0.0
1529484,0.0,0.0,0.0,0.0,0.0,1.0,0.0
1529984,0.0,0.0,0.0,0.0,0.0,0.0,0.0
1531686,0.0,0.0,0.0,0.0,0.0,1.0,0.0
1532186,0.0,0.0,0.0,0.0,0.0,0.0,0.0
1532778,0.0,0.0,0.0,0.0,0.0,1.0,0.0
1533278,0.0,0.0,0.0,0.0,0.0,0.0,0.0
1533458,0.0,0.0,0.0,0.0,0.0,1.0,0.0
1533461,0.0,0.0,0.0,0.0,0.0,2.0,0.0
1533961,0.0,0.0,0.0,0.0,0.0,0.0,0.0
1537241,0.0,0.0,0.0,0.0,0.0,1.0,0.0
1537412,0.0,0.0,0.0,0.0,1.0,1.0,0.0
1537741,0.0,0.0,0.0,0.0,1.0,0.0,0.0
1537912,0.0,0.0,0.0,0.0,0.0,0.0,0.0
1540963,0.0,0.0,0.0,0.0,0.0,1.0,0.0
1541463,0.0,0.0,0.0,0.0,0.0,0.0,0.0
1541967,0.0,0.0,0.0,0.0,0.0,1.0,0.0
1541968,0.0,0.0,0.0,0.0,0.0,2.0,0.0
1542468,0.0,0.0,0.0,0.0,0.0,0.0,0.0
1547096,0.0,0.0,0.0,0.0,0.0,1.0,0.0
1547596,0.0,0.0,0.0,0.0,0.0,0.0,0.0
1547788,0.0,0.0,0.0,0.0,0.0,1.0,0.0
1548288,0.0,0.0,0.0,0.0,0.0,0.0,0.0
1548520,0.0,0.0,0.0,0.0,0.0,1.0,0.0
1549020,0.0,0.0,0.0,0.0,0.0,0.0,0.0
1555244,0.0,0.0,0.0,0.0,0.0,1.0,0.0
1555744,0.0,0.0,0.0,0.0,0.0,0.0,0.0
1557439,0.0,0.0,0.0,0.0,0.0,1.0,0.0
1557939,0.0,0.0,0.0,0.0,0.0,0.0,0.0
1559057,0.0,0.0,0.0,0.0,0.0,1.0,0.0
1559557,0.0,0.0,0.0,0.0,0.0,0.0,0.0
1559943,0.0,0.0,0.0,0.0,0.0,1.0,0.0
1560443,0.0,0.0,0.0,0.0,0.0,0.0,0.0
1562718,0.0,0.0,0.0,0.0,0.0,1.0,0.0
1563218,0.0,0.0,0.0,0.0,0.0,0.0,0.0
1563225,0.0,0.0,0.0,0.0,0.0,1.0,0.0
1563235,0.0,0.0,0.0,0.0,0.0,2.0,0.0
1563735,0.0,0.0,0.0,0.0,0.0,0.0,0.0
1565391,0.0,0.0,0.0,0.0,0.0,1.0,0.0
1565891,0.0,0.0,0.0,0.0,0.0,0.0,0.0
1566635,0.0,0.0,0.0,0.0,0.0,1.0,0.0
1566638,0.0,0.0,0.0,0.0,0.0,2.0,0.0
1567138,0.0,0.0,0.0,0.0,0.0,0.0,0.0
1569182,0.0,0.0,0.0,0.0,0.0,1.0,0.0
1569682,0.0,0.0,0.0,0.0,0.0,0.0,0.0
1575084,0.0,0.0,0.0,0.0,0.0,1.0,0.0
1575584,0.0,0.0,0.0,0.0,0.0,0.0,0.0
1576652,0.0,0.0,0.0,0.0,0.0,1.0,0.0
1577152,0.0,0.0,0.0,0.0,0.0,0.0,0.0
1579080,0.0,0.0,0.0,0.0,1.0,0.0,0.0
1579557,0.0,0.0,0.0,0.0,1.0,1.0,0.0
1579580,0.0,0.0,0.0,0.0,0.0,1.0,0.0
1580057,0.0,0.0,0.0,0.0,0.0,0.0,0.0
1580656,0.0,0.0,0.0,0.0,0.0,1.0,0.0
1581156,0.0,0.0,0.0,0.0,0.0,0.0,0.0
1585804,0.0,0.0,0.0,0.0,0.0,1.0,0.0
1586049,0.0,0.0,0.0,0.0,0.0,2.0,0.0
1586549,0.0,0.0,0.0,0.0,0.0,0.0,0.0
1591137,0.0,0.0,0.0,0.0,0.0,1.0,0.0
1591138,0.0,0.0,0.0,0.0,0.0,2.0,0.0
1591638,0.0,0.0,0.0,0.0,0.0,0.0,0.0
1595239,0.0,0.0,0.0,0.0,0.0,1.0,0.0
1595739,0.0,0.0,0.0,0.0,0.0,0.0,0.0
1598566,0.0,0.0,0.0,0.0,0.0,1.0,0.0
1599066,0.0,0.0,0.0,0.0,0.0,0.0,0.0
1603461,0.0,0.0,0.0,0.0,0.0,1.0,0.0
1603961,0.0,0.0,0.0,0.0,0.0,0.0,0.0
1605510,0.0,0.0,0.0,0.0,0.0,1.0,0.0
1606010,0.0,0.0,0.0,0.0,0.0,0.0,0.0
1608454,0.0,0.0,0.0,0.0,0.0,1.0,0.0
1608954,0.0,0.0,0.0,0.0,0.0,0.0,0.0
1609371,0.0,0.0,0.0,0.0,0.0,1.0,0.0
1609871,0.0,0.0,0.0,0.0,0.0,0.0,0.0
1613533,0.0,0.0,0.0,0.0,0.0,1.0,0.0
1614033,0.0,0.0,0.0,0.0,0.0,0.0,0.0
1615000,0.0,0.0,0.0,0.0,0.0,0.0,1.0
1615260,0.0,0.0,0.0,0.0,0.0,1.0,1.0
1615261,0.0,0.0,0.0,0.0,0.0,2.0,1.0
1615500,0.0,0.0,0.0,0.0,0.0,2.0,0.0
1615761,0.0,0.0,0.0,0.0,0.0,0.0,0.0
1615775,2.0,0.0,0.0,0.0,0.0,0.0,0.0
1615838,2.0,0.0,0.0,0.0,1.0,0.0,0.0
1615926,2.0,0.0,0.0,0.0,2.0,0.0,0.0
1615940,2.0,0.0,0.0,0.0,2.0,1.0,0.0
1616076,2.0,2.0,0.0,0.0,2.0,1.0,0.0
1616127,2.0,2.0,0.0,0.0,2.0,2.0,0.0
1616275,0.0,2.0,0.0,0.0,2.0,2.0,0.0
1616426,0.0,2.0,0.0,0.0,0.0,2.0,0.0
1616576,0.0,0.0,0.0,0.0,0.0,2.0,0.0
1616627,0.0,0.0,0.0,0.0,0.0,0.0,0.0
1616724,0.0,0.0,0.0,0.0,0.0,1.0,0.0
1617055,2.0,0.0,0.0,0.0,0.0,1.0,0.0
1617224,2.0,0.0,0.0,0.0,0.0,0.0,0.0
1617304,2.0,0.0,0.0,0.0,0.0,1.0,0.0
1617555,0.0,0.0,0.0,0.0,0.0,1.0,0.0
1617804,0.0,0.0,0.0,0.0,0.0,0.0,0.0
1618304,0.0,0.0,0.0,0.0,0.0,1.0,0.0
1618804,0.0,0.0,0.0,0.0,0.0,0.0,0.0
1619919,0.0,0.0,0.0,0.0,0.0,1.0,0.0
1619956,0.0,0.0,0.0,0.0,0.0,2.0,0.0
1620456,0.0,0.0,0.0,0.0,0.0,0.0,0.0
1620857,0.0,0.0,0.0,0.0,0.0,1.0,0.0
1620859,0.0,0.0,0.0,0.0,0.0,2.0,0.0
1621359,0.0,0.0,0.0,0.0,0.0,0.0,0.0
1621742,0.0,0.0,0.0,0.0,0.0,1.0,0.0
1622065,0.0,0.0,0.0,0.0,0.0,2.0,0.0
1622565,0.0,0.0,0.0,0.0,0.0,0.0,0.0
1623099,0.0,0.0,0.0,0.0,0.0,1.0,0.0
1623123,0.0,0.0,0.0,0.0,0.0,2.0,0.0
1623623,0.0,0.0,0.0,0.0,0.0,0.0,0.0
1623795,0.0,0.0,0.0,0.0,0.0,1.0,0.0
1624295,0.0,0.0,0.0,0.0,0.0,0.0,0.0
1624581,0.0,0.0,0.0,0.0,0.0,1.0,0.0
1625081,0.0,0.0,0.0,0.0,0.0,0.0,0.0
1626378,0.0,0.0,0.0,0.0,0.0,1.0,0.0
1626878,0.0,0.0,0.0,0.0,0.0,0.0,0.0
1626911,0.0,0.0,0.0,0.0,0.0,1.0,0.0
1626919,0.0,0.0,0.0,0.0,1.0,1.0,0.0
1626940,0.0,0.0,0.0,0.0,1.0,2.0,0.0
1626951,0.0,0.0,0.0,0.0,2.0,2.0,0.0
1627440,0.0,0.0,0.0,0.0,2.0,0.0,0.0
1627451,0.0,0.0,0.0,0.0,0.0,0.0,0.0
1627559,0.0,0.0,0.0,0.0,0.0,1.0,0.0
1628059,0.0,0.0,0.0,0.0,0.0,0.0,0.0
1628207,0.0,0.0,0.0,0.0,1.0,0.0,0.0
1628251,0.0,0.0,0.0,0.0,1.0,1.0,0.0
1628289,0.0,0.0,0.0,0.0,1.0,2.0,0.0
1628707,0.0,0.0,0.0,0.0,0.0,2.0,0.0
1628789,0.0,0.0,0.0,0.0,0.0,0.0,0.0
1629197,0.0,0.0,0.0,0.0,0.0,1.0,0.0
1629697,0.0,0.0,0.0,0.0,0.0,0.0,0.0
1629737,0.0,0.0,0.0,0.0,0.0,1.0,0.0
1630237,0.0,0.0,0.0,0.0,0.0,0.0,0.0
1630379,0.0,0.0,0.0,0.0,0.0,1.0,0.0
1630626,0.0,0.0,0.0,0.0,0.0,2.0,0.0
1631126,0.0,0.0,0.0,0.0,0.0,0.0,0.0
1631271,0.0,0.0,0.0,0.0,0.0,1.0,0.0
1631771,0.0,0.0,0.0,0.0,0.0,0.0,0.0
1632114,0.0,0.0,0.0,0.0,0.0,1.0,0.0
1632402,0.0,0.0,0.0,0.0,0.0,2.0,0.0
1632902,0.0,0.0,0.0,0.0,0.0,0.0,0.0
1633365,0.0,0.0,0.0,0.0,0.0,1.0,0.0
1633865,0.0,0.0,0.0,0.0,0.0,0.0,0.0
1634025,0.0,0.0,0.0,0.0,0.0,1.0,0.0
1634525,0.0,0.0,0.0,0.0,0.0,0.0,0.0
1634731,0.0,0.0,0.0,0.0,0.0,1.0,0.0
1634733,0.0,0.0,0.0,0.0,0.0,2.0,0.0
1635233,0.0,0.0,0.0,0.0,0.0,0.0,0.0
1635337,0.0,0.0,0.0,0.0,0.0,1.0,0.0
1635837,0.0,0.0,0.0,0.0,0.0,0.0,0.0
1635931,0.0,0.0,0.0,0.0,0.0,1.0,0.0
1635941,0.0,0.0,0.0,0.0,0.0,2.0,0.0
1636441,0.0,0.0,0.0,0.0,0.0,0.0,0.0
1636930,0.0,0.0,0.0,0.0,0.0,1.0,0.0
1637387,0.0,0.0,0.0,0.0,0.0,2.0,0.0
1637887,0.0,0.0,0.0,0.0,0.0,0.0,0.0
1638558,0.0,0.0,0.0,0.0,0.0,1.0,0.0
1639058,0.0,0.0,0.0,0.0,0.0,0.0,0.0
1639407,0.0,0.0,0.0,0.0,0.0,1.0,0.0
1639907,0.0,0.0,0.0,0.0,0.0,0.0,0.0
1640079,0.0,0.0,0.0,0.0,0.0,1.0,0.0
1640084,0.0,0.0,0.0,0.0,0.0,2.0,0.0
1640584,0.0,0.0,0.0,0.0,0.0,0.0,0.0
1640601,0.0,0.0,0.0,0.0,1.0,0.0,0.0
1641101,0.0,0.0,0.0,0.0,0.0,0.0,0.0
1641749,0.0,0.0,0.0,0.0,0.0,1.0,0.0
1642249,0.0,0.0,0.0,0.0,0.0,0.0,0.0
1642470,0.0,0.0,0.0,0.0,0.0,1.0,0.0
1642970,0.0,0.0,0.0,0.0,0.0,0.0,0.0
1643302,0.0,0.0,0.0,0.0,0.0,1.0,0.0
1643802,0.0,0.0,0.0,0.0,0.0,0.0,0.0
1644174,0.0,0.0,0.0,0.0,0.0,1.0,0.0
1644192,0.0,0.0,0.0,0.0,0.0,2.0,0.0
1644234,0.0,0.0,0.0,0.0,1.0,2.0,0.0
1644692,0.0,0.0,0.0,0.0,1.0,0.0,0.0
1644734,0.0,0.0,0.0,0.0,0.0,0.0,0.0
1645605,0.0,0.0,0.0,0.0,0.0,1.0,0.0
1646105,0.0,0.0,0.0,0.0,0.0,0.0,0.0
1646318,0.0,0.0,0.0,0.0,0.0,1.0,0.0
1646818,0.0,0.0,0.0,0.0,0.0,0.0,0.0
1646956,0.0,0.0,0.0,0.0,0.0,1.0,0.0
1646958,0.0,0.0,0.0,0.0,0.0,2.0,0.0
1647458,0.0,0.0,0.0,0.0,0.0,0.0,0.0
1647668,0.0,0.0,0.0,0.0,0.0,1.0,0.0
1648168,0.0,0.0,0.0,0.0,0.0,0.0,0.0
1649267,0.0,0.0,0.0,0.0,0.0,1.0,0.0
1649767,0.0,0.0,0.0,0.0,0.0,0.0,0.0
1650199,0.0,0.0,0.0,0.0,0.0,1.0,0.0
1650203,0.0,0.0,0.0,0.0,0.0,2.0,0.0
1650703,0.0,0.0,0.0,0.0,0.0,0.0,0.0
1650854,0.0,0.0,0.0,0.0,0.0,1.0,0.0
1651354,0.0,0.0,0.0,0.0,0.0,0.0,0.0
1651841,0.0,0.0,0.0,0.0,0.0,1.0,0.0
1652341,0.0,0.0,0.0,0.0,0.0,0.0,0.0
1653424,0.0,0.0,0.0,0.0,0.0,1.0,0.0
1653924,0.0,0.0,0.0,0.0,0.0,0.0,0.0
1654541,0.0,0.0,0.0,0.0,0.0,1.0,0.0
1655041,0.0,0.0,0.0,0.0,0.0,0.0,0.0
1655049,0.0,0.0,0.0,0.0,0.0,1.0,0.0
1655549,0.0,0.0,0.0,0.0,0.0,0.0,0.0
1656033,0.0,0.0,0.0,0.0,0.0,1.0,0.0
1656533,0.0,0.0,0.0,0.0,0.0,0.0,0.0
1656554,0.0,0.0,0.0,0.0,0.0,1.0,0.0
1657054,0.0,0.0,0.0,0.0,0.0,0.0,0.0
1657531,0.0,0.0,0.0,0.0,0.0,1.0,0.0
1657699,0.0,0.0,0.0,0.0,0.0,2.0,0.0
1658199,0.0,0.0,0.0,0.0,0.0,0.0,0.0
1658635,0.0,0.0,0.0,0.0,0.0,1.0,0.0
1658650,0.0,0.0,0.0,0.0,0.0,2.0,0.0
1659150,0.0,0.0,0.0,0.0,0.0,0.0,0.0
1659729,0.0,0.0,0.0,0.0,0.0,1.0,0.0
1659736,0.0,0.0,0.0,0.0,0.0,2.0,0.0
1660236,0.0,0.0,0.0,0.0,0.0,0.0,0.0
1661129,0.0,0.0,0.0,0.0,0.0,1.0,0.0
1661629,0.0,0.0,0.0,0.0,0.0,0.0,0.0
1662279,0.0,0.0,0.0,0.0,0.0,1.0,0.0
1662779,0.0,0.0,0.0,0.0,0.0,0.0,0.0
1663153,0.0,0.0,0.0,0.0,0.0,1.0,0.0
1663653,0.0,0.0,0.0,0.0,0.0,0.0,0.0
1663744,0.0,0.0,0.0,0.0,0.0,1.0,0.0
1663746,0.0,0.0,0.0,0.0,0.0,2.0,0.0
1664246,0.0,0.0,0.0,0.0,0.0,0.0,0.0
1664502,0.0,0.0,0.0,0.0,0.0,1.0,0.0
1664580,0.0,0.0,0.0,0.0,0.0,2.0,0.0
1665080,0.0,0.0,0.0,0.0,0.0,0.0,0.0
1665546,0.0,0.0,0.0,0.0,0.0,1.0,0.0
1666046,0.0,0.0,0.0,0.0,0.0,0.0,0.0
1666196,0.0,0.0,0.0,0.0,0.0,1.0,0.0
1666696,0.0,0.0,0.0,0.0,0.0,0.0,0.0
1666898,0.0,0.0,0.0,0.0,0.0,1.0,0.0
1666903,0.0,0.0,0.0,0.0,0.0,2.0,0.0
1667403,0.0,0.0,0.0,0.0,0.0,0.0,0.0
1667797,0.0,0.0,0.0,0.0,0.0,1.0,0.0
1667806,0.0,0.0,0.0,0.0,0.0,2.0,0.0
1668306,0.0,0.0,0.0,0.0,0.0,0.0,0.0
1668816,0.0,0.0,0.0,0.0,0.0,1.0,0.0
1668818,0.0,0.0,0.0,0.0,0.0,2.0,0.0
1669318,0.0,0.0,0.0,0.0,0.0,0.0,0.0
1669691,0.0,0.0,0.0,0.0,0.0,1.0,0.0
1670127,0.0,0.0,0.0,0.0,1.0,1.0,0.0
1670128,0.0,0.0,0.0,0.0,2.0,1.0,0.0
1670191,0.0,0.0,0.0,0.0,2.0,0.0,0.0
1670428,0.0,0.0,0.0,0.0,2.0,1.0,0.0
1670628,0.0,0.0,0.0,0.0,0.0,1.0,0.0
1670928,0.0,0.0,0.0,0.0,0.0,0.0,0.0
1670934,0.0,0.0,0.0,0.0,0.0,1.0,0.0
1670985,0.0,0.0,0.0,0.0,0.0,2.0,0.0
1671485,0.0,0.0,0.0,0.0,0.0,0.0,0.0
1671887,0.0,0.0,0.0,0.0,0.0,1.0,0.0
1671888,0.0,0.0,0.0,0.0,1.0,1.0,0.0
1672387,0.0,0.0,0.0,0.0,1.0,0.0,0.0
1672388,0.0,0.0,0.0,0.0,0.0,0.0,0.0
1673128,0.0,0.0,0.0,0.0,0.0,1.0,0.0
1673628,0.0,0.0,0.0,0.0,0.0,0.0,0.0
1674072,0.0,0.0,0.0,0.0,0.0,1.0,0.0
1674572,0.0,0.0,0.0,0.0,0.0,0.0,0.0
1674741,0.0,0.0,0.0,0.0,0.0,1.0,0.0
1675241,0.0,0.0,0.0,0.0,0.0,0.0,0.0
1675799,0.0,0.0,0.0,0.0,0.0,1.0,0.0
1676299,0.0,0.0,0.0,0.0,0.0,0.0,0.0
1677104,0.0,0.0,0.0,0.0,0.0,1.0,0.0
1677399,0.0,0.0,0.0,0.0,0.0,2.0,0.0
1677533,0.0,0.0,0.0,0.0,1.0,2.0,0.0
1677899,0.0,0.0,0.0,0.0,1.0,0.0,0.0
1678033,0.0,0.0,0.0,0.0,0.0,0.0,0.0
1678898,0.0,0.0,0.0,0.0,0.0,1.0,0.0
1678901,0.0,0.0,0.0,0.0,0.0,2.0,0.0
1679285,0.0,0.0,0.0,0.0,1.0,2.0,0.0
1679287,0.0,0.0,0.0,0.0,2.0,2.0,0.0
1679401,0.0,0.0,0.0,0.0,2.0,0.0,0.0
1679787,0.0,0.0,0.0,0.0,0.0,0.0,0.0
1680650,0.0,0.0,0.0,0.0,0.0,1.0,0.0
1680656,0.0,0.0,0.0,0.0,0.0,2.0,0.0
1681156,0.0,0.0,0.0,0.0,0.0,0.0,0.0
1681883,0.0,0.0,0.0,0.0,0.0,1.0,0.0
1682383,0.0,0.0,0.0,0.0,0.0,0.0,0.0
1682445,0.0,0.0,0.0,0.0,0.0,1.0,0.0
1682945,0.0,0.0,0.0,0.0,0.0,0.0,0.0
1683335,0.0,0.0,0.0,0.0,0.0,1.0,0.0
1683602,0.0,0.0,0.0,0.0,0.0,2.0,0.0
1684102,0.0,0.0,0.0,0.0,0.0,0.0,0.0
1684306,0.0,0.0,0.0,0.0,0.0,1.0,0.0
1684614,0.0,0.0,0.0,0.0,0.0,2.0,0.0
1685114,0.0,0.0,0.0,0.0,0.0,0.0,0.0
1685151,0.0,0.0,0.0,0.0,0.0,1.0,0.0
1685310,0.0,0.0,0.0,0.0,0.0,2.0,0.0
1685810,0.0,0.0,0.0,0.0,0.0,0.0,0.0
1686328,0.0,0.0,0.0,0.0,0.0,1.0,0.0
1686690,0.0,0.0,0.0,0.0,0.0,2.0,0.0
1687190,0.0,0.0,0.0,0.0,0.0,0.0,0.0
1687314,0.0,0.0,0.0,0.0,0.0,1.0,0.0
1687772,0.0,2.0,0.0,0.0,0.0,1.0,0.0
1687814,0.0,2.0,0.0,0.0,0.0,0.0,0.0
1688272,0.0,0.0,0.0,0.0,0.0,0.0,0.0
1688608,0.0,0.0,0.0,0.0,0.0,1.0,0.0
1689108,0.0,0.0,0.0,0.0,0.0,0.0,0.0
1690592,0.0,0.0,0.0,0.0,0.0,1.0,0.0
1690607,0.0,0.0,0.0,0.0,0.0,2.0,0.0
1691107,0.0,0.0,0.0,0.0,0.0,0.0,0.0
1691434,0.0,0.0,0.0,0.0,0.0,1.0,0.0
1691934,0.0,0.0,0.0,0.0,0.0,0.0,0.0
1691984,0.0,0.0,0.0,0.0,0.0,1.0,0.0
1692484,0.0,0.0,0.0,0.0,0.0,0.0,0.0
1692493,0.0,0.0,0.0,0.0,0.0,1.0,0.0
1692742,0.0,2.0,0.0,0.0,0.0,1.0,0.0
1692993,0.0,2.0,0.0,0.0,0.0,0.0,0.0
1693107,0.0,2.0,0.0,0.0,0.0,1.0,0.0
1693242,0.0,0.0,0.0,0.0,0.0,1.0,0.0
1693607,0.0,0.0,0.0,0.0,0.0,0.0,0.0
1693610,0.0,0.0,0.0,0.0,0.0,1.0,0.0
1693621,0.0,0.0,0.0,0.0,0.0,2.0,0.0
1694121,0.0,0.0,0.0,0.0,0.0,0.0,0.0
1694627,0.0,0.0,0.0,0.0,0.0,1.0,0.0
1694685,0.0,0.0,0.0,0.0,0.0,2.0,0.0
1695185,0.0,0.0,0.0,0.0,0.0,0.0,0.0
1695565,0.0,0.0,0.0,0.0,0.0,1.0,0.0
1695754,0.0,0.0,0.0,0.0,0.0,2.0,0.0
1696254,0.0,0.0,0.0,0.0,0.0,0.0,0.0
1697462,0.0,0.0,0.0,0.0,0.0,1.0,0.0
1697962,0.0,0.0,0.0,0.0,0.0,0.0,0.0
1698403,0.0,0.0,0.0,0.0,0.0,1.0,0.0
1698414,0.0,0.0,0.0,0.0,0.0,2.0,0.0
1698914,0.0,0.0,0.0,0.0,0.0,0.0,0.0
1700506,0.0,0.0,0.0,0.0,0.0,1.0,0.0
1701006,0.0,0.0,0.0,0.0,0.0,0.0,0.0
1701080,0.0,0.0,0.0,0.0,0.0,1.0,0.0
1701302,0.0,0.0,0.0,0.0,0.0,2.0,0.0
1701802,0.0,0.0,0.0,0.0,0.0,0.0,0.0
1702543,0.0,0.0,0.0,0.0,0.0,1.0,0.0
1702671,0.0,0.0,0.0,0.0,0.0,2.0,0.0
1703171,0.0,0.0,0.0,0.0,0.0,0.0,0.0
1703787,0.0,0.0,0.0,0.0,0.0,1.0,0.0
1704287,0.0,0.0,0.0,0.0,0.0,0.0,0.0
1704454,0.0,0.0,0.0,0.0,0.0,1.0,0.0
1704954,0.0,0.0,0.0,0.0,0.0,0.0,0.0
1705714,0.0,0.0,0.0,0.0,0.0,1.0,0.0
1706214,0.0,0.0,0.0,0.0,0.0,0.0,0.0
1706601,0.0,0.0,0.0,0.0,0.0,1.0,0.0
1707101,0.0,0.0,0.0,0.0,0.0,0.0,0.0
1707639,0.0,0.0,0.0,0.0,1.0,0.0,0.0
1708139,0.0,0.0,0.0,0.0,0.0,0.0,0.0
1709819,0.0,0.0,0.0,0.0,0.0,1.0,0.0
1710319,0.0,0.0,0.0,0.0,0.0,0.0,0.0
1710323,0.0,0.0,0.0,0.0,0.0,1.0,0.0
1710325,0.0,0.0,0.0,0.0,0.0,2.0,0.0
1710825,0.0,0.0,0.0,0.0,0.0,0.0,0.0
1711012,0.0,0.0,0.0,0.0,0.0,1.0,0.0
1711512,0.0,0.0,0.0,0.0,0.0,0.0,0.0
1712396,0.0,0.0,0.0,0.0,0.0,1.0,0.0
1712896,0.0,0.0,0.0,0.0,0.0,0.0,0.0
1713059,0.0,0.0,0.0,0.0,0.0,1.0,0.0
1713559,0.0,0.0,0.0,0.0,0.0,0.0,0.0
1714822,0.0,0.0,0.0,0.0,0.0,1.0,0.0
1715322,0.0,0.0,0.0,0.0,0.0,0.0,0.0
1715409,0.0,0.0,0.0,0.0,0.0,1.0,0.0
1715458,0.0,2.0,0.0,0.0,0.0,1.0,0.0
1715466,0.0,2.0,0.0,0.0,0.0,2.0,0.0
1715958,0.0,0.0,0.0,0.0,0.0,2.0,0.0
1715966,0.0,0.0,0.0,0.0,0.0,0.0,0.0
1716172,0.0,0.0,0.0,0.0,0.0,1.0,0.0
1716182,0.0,0.0,0.0,0.0,0.0,2.0,0.0
1716682,0.0,0.0,0.0,0.0,0.0,0.0,0.0
1721953,0.0,0.0,0.0,0.0,0.0,1.0,0.0
1722453,0.0,0.0,0.0,0.0,0.0,0.0,0.0
1723976,0.0,0.0,0.0,0.0,0.0,1.0,0.0
1724476,0.0,0.0,0.0,0.0,0.0,0.0,0.0
1725490,0.0,0.0,0.0,0.0,0.0,1.0,0.0
1725493,0.0,0.0,0.0,0.0,0.0,2.0,0.0
1725993,0.0,0.0,0.0,0.0,0.0,0.0,0.0
1727616,0.0,0.0,0.0,0.0,0.0,1.0,0.0
1727619,0.0,0.0,0.0,0.0,0.0,2.0,0.0
1728119,0.0,0.0,0.0,0.0,0.0,0.0,0.0
1728790,0.0,0.0,0.0,0.0,0.0,1.0,0.0
1729290,0.0,0.0,0.0,0.0,0.0,0.0,0.0
1737952,0.0,0.0,0.0,0.0,0.0,1.0,0.0
1737958,0.0,0.0,0.0,0.0,0.0,2.0,0.0
1738458,0.0,0.0,0.0,0.0,0.0,0.0,0.0
1742093,0.0,0.0,0.0,0.0,0.0,1.0,0.0
1742593,0.0,0.0,0.0,0.0,0.0,0.0,0.0
1743318,0.0,0.0,0.0,0.0,0.0,1.0,0.0
1743613,0.0,0.0,0.0,0.0,0.0,2.0,0.0
1744113,0.0,0.0,0.0,0.0,0.0,0.0,0.0
1745973,0.0,0.0,0.0,0.0,0.0,1.0,0.0
1746473,0.0,0.0,0.0,0.0,0.0,0.0,0.0
1752424,0.0,0.0,0.0,0.0,0.0,1.0,0.0
1752924,0.0,0.0,0.0,0.0,0.0,0.0,0.0
1755120,0.0,0.0,0.0,0.0,0.0,1.0,0.0
1755620,0.0,0.0,0.0,0.0,0.0,0.0,0.0
1759435,0.0,0.0,0.0,0.0,0.0,1.0,0.0
1759935,0.0,0.0,0.0,0.0,0.0,0.0,0.0
1762060,0.0,0.0,0.0,0.0,0.0,1.0,0.0
1762560,0.0,0.0,0.0,0.0,0.0,0.0,0.0
1762676,0.0,0.0,0.0,0.0,0.0,1.0,0.0
1763176,0.0,0.0,0.0,0.0,0.0,0.0,0.0
1764504,0.0,0.0,0.0,0.0,0.0,1.0,0.0
1765004,0.0,0.0,0.0,0.0,0.0,0.0,0.0
1765568,0.0,0.0,0.0,0.0,0.0,1.0,0.0
1766068,0.0,0.0,0.0,0.0,0.0,0.0,0.0
1768260,0.0,0.0,0.0,0.0,0.0,1.0,0.0
1768760,0.0,0.0,0.0,0.0,0.0,0.0,0.0
1770200,0.0,0.0,0.0,0.0,0.0,1.0,0.0
1770700,0.0,0.0,0.0,0.0,0.0,0.0,0.0
1772109,0.0,0.0,0.0,0.0,0.0,1.0,0.0
1772609,0.0,0.0,0.0,0.0,0.0,0.0,0.0
1775472,0.0,0.0,0.0,0.0,0.0,1.0,0.0
1775972,0.0,0.0,0.0,0.0,0.0,0.0,0.0
1776997,0.0,0.0,0.0,0.0,0.0,1.0,0.0
1777497,0.0,0.0,0.0,0.0,0.0,0.0,0.0
1778382,0.0,0.0,0.0,0.0,0.0,1.0,0.0
1778383,0.0,0.0,0.0,0.0,0.0,2.0,0.0
1778883,0.0,0.0,0.0,0.0,0.0,0.0,0.0
1779340,0.0,0.0,0.0,0.0,0.0,1.0,0.0
1779840,0.0,0.0,0.0,0.0,0.0,0.0,0.0
1785154,0.0,0.0,0.0,0.0,0.0,1.0,0.0
1785654,0.0,0.0,0.0,0.0,0.0,0.0,0.0
1793010,0.0,0.0,0.0,0.0,0.0,1.0,0.0
1793510,0.0,0.0,0.0,0.0,0.0,0.0,0.0
1795622,0.0,0.0,0.0,0.0,0.0,1.0,0.0
1795624,0.0,0.0,0.0,0.0,0.0,2.0,0.0
1796124,0.0,0.0,0.0,0.0,0.0,0.0,0.0
1801717,0.0,0.0,0.0,0.0,0.0,1.0,0.0
1802217,0.0,0.0,0.0,0.0,0.0,0.0,0.0
1802907,0.0,0.0,0.0,0.0,0.0,1.0,0.0
1803407,0.0,0.0,0.0,0.0,0.0,0.0,0.0
1805017,0.0,0.0,0.0,0.0,0.0,1.0,0.0
1805517,0.0,0.0,0.0,0.0,0.0,0.0,0.0
1807765,0.0,0.0,0.0,0.0,0.0,1.0,0.0
1808265,0.0,0.0,0.0,0.0,0.0,0.0,0.0
1809052,0.0,0.0,0.0,0.0,0.0,1.0,0.0
1809552,0.0,0.0,0.0,0.0,0.0,0.0,0.0
1810794,0.0,0.0,0.0,0.0,0.0,1.0,0.0
1811294,0.0,0.0,0.0,0.0,0.0,0.0,0.0
1811416,0.0,0.0,0.0,0.0,0.0,1.0,0.0
1811916,0.0,0.0,0.0,0.0,0.0,0.0,0.0
1813187,0.0,0.0,0.0,0.0,0.0,1.0,0.0
1813687,0.0,0.0,0.0,0.0,0.0,0.0,0.0
1813882,0.0,0.0,0.0,0.0,0.0,1.0,0.0
1814382,0.0,0.0,0.0,0.0,0.0,0.0,0.0
1814732,0.0,0.0,0.0,0.0,0.0,1.0,0.0
1815232,0.0,0.0,0.0,0.0,0.0,0.0,0.0
1815251,0.0,0.0,0.0,0.0,0.0,1.0,0.0
1815751,0.0,0.0,0.0,0.0,0.0,0.0,0.0
1815790,0.0,0.0,0.0,0.0,0.0,1.0,0.0
1816290,0.0,0.0,0.0,0.0,0.0,0.0,0.0
1816485,0.0,0.0,0.0,0.0,0.0,1.0,0.0
1816985,0.0,0.0,0.0,0.0,0.0,0.0,0.0
1817000,0.0,0.0,0.0,0.0,0.0,0.0,1.0
1817500,0.0,0.0,0.0,0.0,0.0,0.0,0.0
1817542,0.0,0.0,0.0,0.0,0.0,1.0,0.0
1817571,0.0,2.0,0.0,0.0,0.0,1.0,0.0
1817699,0.0,2.0,0.0,0.0,0.0,2.0,0.0
1817823,2.0,2.0,0.0,0.0,0.0,2.0,0.0
1818071,2.0,0.0,0.0,0.0,0.0,2.0,0.0
1818199,2.0,0.0,0.0,0.0,0.0,0.0,0.0
1818220,2.0,0.0,0.0,0.0,0.0,1.0,0.0
1818307,2.0,0.0,0.0,0.0,1.0,1.0,0.0
1818323,0.0,0.0,0.0,0.0,1.0,1.0,0.0
1818555,0.0,0.0,0.0,0.0,2.0,1.0,0.0
1818559,2.0,0.0,0.0,0.0,2.0,1.0,0.0
1818561,2.0,0.0,0.0,0.0,2.0,2.0,0.0
1819044,2.0,2.0,0.0,0.0,2.0,2.0,0.0
1819055,2.0,2.0,0.0,0.0,0.0,2.0,0.0
1819059,0.0,2.0,0.0,0.0,0.0,2.0,0.0
1819061,0.0,2.0,0.0,0.0,0.0,0.0,0.0
1819544,0.0,0.0,0.0,0.0,0.0,0.0,0.0
1819842,0.0,0.0,0.0,0.0,0.0,1.0,0.0
1820298,0.0,0.0,0.0,0.0,0.0,2.0,0.0
1820798,0.0,0.0,0.0,0.0,0.0,0.0,0.0
1821080,0.0,0.0,0.0,0.0,0.0,1.0,0.0
1821580,0.0,0.0,0.0,0.0,0.0,0.0,0.0
1821676,0.0,0.0,0.0,0.0,0.0,1.0,0.0
1822176,0.0,0.0,0.0,0.0,0.0,0.0,0.0
1823566,0.0,0.0,0.0,0.0,0.0,1.0,0.0
1824066,0.0,0.0,0.0,0.0,0.0,0.0,0.0
1824122,0.0,0.0,0.0,0.0,0.0,1.0,0.0
1824186,0.0,0.0,0.0,0.0,0.0,2.0,0.0
1824686,0.0,0.0,0.0,0.0,0.0,0.0,0.0
1825518,0.0,0.0,0.0,0.0,1.0,0.0,0.0
1825804,0.0,0.0,0.0,0.0,1.0,1.0,0.0
1825808,0.0,0.0,0.0,0.0,1.0,2.0,0.0
1826018,0.0,0.0,0.0,0.0,0.0,2.0,0.0
1826308,0.0,0.0,0.0,0.0,0.0,0.0,0.0
1828294,0.0,0.0,0.0,0.0,0.0,1.0,0.0
1828794,0.0,0.0,0.0,0.0,0.0,0.0,0.0
1828869,0.0,0.0,0.0,0.0,0.0,1.0,0.0
1829369,0.0,0.0,0.0,0.0,0.0,0.0,0.0
1829567,0.0,0.0,0.0,0.0,0.0,1.0,0.0
1830067,0.0,0.0,0.0,0.0,0.0,0.0,0.0
1830879,0.0,0.0,0.0,0.0,0.0,1.0,0.0
1831379,0.0,0.0,0.0,0.0,0.0,0.0,0.0
1832218,0.0,0.0,0.0,0.0,0.0,1.0,0.0
1832718,0.0,0.0,0.0,0.0,0.0,0.0,0.0
1832939,0.0,0.0,0.0,0.0,0.0,1.0,0.0
1833439,0.0,0.0,0.0,0.0,0.0,0.0,0.0
1833908,0.0,0.0,0.0,0.0,0.0,1.0,0.0
1834038,0.0,0.0,0.0,0.0,0.0,2.0,0.0
1834192,0.0,0.0,0.0,0.0,1.0,2.0,0.0
1834538,0.0,0.0,0.0,0.0,1.0,0.0,0.0
1834692,0.0,0.0,0.0,0.0,0.0,0.0,0.0
1834715,0.0,0.0,0.0,0.0,0.0,1.0,0.0
1834792,0.0,0.0,0.0,0.0,0.0,2.0,0.0
1835292,0.0,0.0,0.0,0.0,0.0,0.0,0.0
1835549,0.0,0.0,0.0,0.0,0.0,1.0,0.0
1836049,0.0,0.0,0.0,0.0,0.0,0.0,0.0
1836304,0.0,0.0,0.0,0.0,0.0,1.0,0.0
1836306,0.0,0.0,0.0,0.0,0.0,2.0,0.0
1836806,0.0,0.0,0.0,0.0,0.0,0.0,0.0
1837450,0.0,0.0,0.0,0.0,0.0,1.0,0.0
1837452,0.0,0.0,0.0,0.0,0.0,2.0,0.0
1837952,0.0,0.0,0.0,0.0,0.0,0.0,0.0
1838334,0.0,0.0,0.0,0.0,0.0,1.0,0.0
1838834,0.0,0.0,0.0,0.0,0.0,0.0,0.0
1839442,0.0,0.0,0.0,0.0,0.0,1.0,0.0
1839942,0.0,0.0,0.0,0.0,0.0,0.0,0.0
1839981,0.0,0.0,0.0,0.0,0.0,1.0,0.0
1839983,0.0,0.0,0.0,0.0,0.0,2.0,0.0
1840483,0.0,0.0,0.0,0.0,0.0,0.0,0.0
1841671,0.0,0.0,0.0,0.0,0.0,1.0,0.0
1842171,0.0,0.0,0.0,0.0,0.0,0.0,0.0
1842356,0.0,0.0,0.0,0.0,0.0,1.0,0.0
1842360,0.0,0.0,0.0,0.0,0.0,2.0,0.0
1842860,0.0,0.0,0.0,0.0,0.0,0.0,0.0
1843887,0.0,0.0,0.0,0.0,0.0,1.0,0.0
1844387,0.0,0.0,0.0,0.0,0.0,0.0,0.0
1844593,0.0,0.0,0.0,0.0,0.0,1.0,0.0
1845093,0.0,0.0,0.0,0.0,0.0,0.0,0.0
1846018,0.0,0.0,0.0,0.0,0.0,1.0,0.0
1846460,0.0,0.0,0.0,0.0,1.0,1.0,0.0
1846518,0.0,0.0,0.0,0.0,1.0,0.0,0.0
1846922,0.0,0.0,0.0,0.0,1.0,1.0,0.0
1846960,0.0,0.0,0.0,0.0,0.0,1.0,0.0
1847422,0.0,0.0,0.0,0.0,0.0,0.0,0.0
1847899,0.0,0.0,0.0,0.0,0.0,1.0,0.0
1848399,0.0,0.0,0.0,0.0,0.0,0.0,0.0
1848818,0.0,0.0,0.0,0.0,0.0,1.0,0.0
1849318,0.0,0.0,0.0,0.0,0.0,0.0,0.0
1849525,0.0,0.0,0.0,0.0,0.0,1.0,0.0
1849529,0.0,0.0,0.0,0.0,0.0,2.0,0.0
1850029,0.0,0.0,0.0,0.0,0.0,0.0,0.0
1850097,0.0,0.0,0.0,0.0,0.0,1.0,0.0
1850597,0.0,0.0,0.0,0.0,0.0,0.0,0.0
1851305,0.0,0.0,0.0,0.0,0.0,1.0,0.0
1851805,0.0,0.0,0.0,0.0,0.0,0.0,0.0
1851860,0.0,0.0,0.0,0.0,0.0,1.0,0.0
1851875,0.0,0.0,0.0,0.0,0.0,2.0,0.0
1852375,0.0,0.0,0.0,0.0,0.0,1.0,0.0
1852875,0.0,0.0,0.0,0.0,0.0,0.0,0.0
1852941,0.0,0.0,0.0,0.0,0.0,1.0,0.0
1853420,0.0,0.0,0.0,0.0,0.0,2.0,0.0
1853920,0.0,0.0,0.0,0.0,0.0,0.0,0.0
1853984,0.0,0.0,0.0,0.0,0.0,1.0,0.0
1854091,0.0,0.0,0.0,0.0,0.0,2.0,0.0
1854591,0.0,0.0,0.0,0.0,0.0,0.0,0.0
1854953,0.0,0.0,0.0,0.0,0.0,1.0,0.0
1855453,0.0,0.0,0.0,0.0,0.0,0.0,0.0
1855795,0.0,0.0,0.0,0.0,0.0,1.0,0.0
1855954,0.0,2.0,0.0,0.0,0.0,1.0,0.0
1856295,0.0,2.0,0.0,0.0,0.0,0.0,0.0
1856300,0.0,2.0,0.0,0.0,0.0,1.0,0.0
1856454,0.0,0.0,0.0,0.0,0.0,1.0,0.0
1856800,0.0,0.0,0.0,0.0,0.0,0.0,0.0
1857344,0.0,0.0,0.0,0.0,0.0,1.0,0.0
1857615,0.0,0.0,0.0,0.0,0.0,2.0,0.0
1858115,0.0,0.0,0.0,0.0,0.0,0.0,0.0
1858513,0.0,0.0,0.0,0.0,0.0,1.0,0.0
1858908,0.0,0.0,0.0,0.0,0.0,2.0,0.0
1859408,0.0,0.0,0.0,0.0,0.0,0.0,0.0
1859493,0.0,0.0,0.0,0.0,0.0,1.0,0.0
1859993,0.0,0.0,0.0,0.0,0.0,0.0,0.0
1860200,0.0,0.0,0.0,0.0,0.0,1.0,0.0
1860700,0.0,0.0,0.0,0.0,0.0,0.0,0.0
1861309,0.0,0.0,0.0,0.0,0.0,1.0,0.0
1861809,0.0,0.0,0.0,0.0,0.0,0.0,0.0
1862295,0.0,0.0,0.0,0.0,0.0,1.0,0.0
1862795,0.0,0.0,0.0,0.0,0.0,0.0,0.0
1863334,0.0,0.0,0.0,0.0,0.0,1.0,0.0
1863834,0.0,0.0,0.0,0.0,0.0,0.0,0.0
1863985,0.0,0.0,0.0,0.0,0.0,1.0,0.0
1864485,0.0,0.0,0.0,0.0,0.0,0.0,0.0
1864893,0.0,0.0,0.0,0.0,0.0,1.0,0.0
1865393,0.0,0.0,0.0,0.0,0.0,0.0,0.0
1865573,0.0,0.0,0.0,0.0,0.0,1.0,0.0
1866073,0.0,0.0,0.0,0.0,0.0,0.0,0.0
1866304,0.0,0.0,0.0,0.0,0.0,1.0,0.0
1866308,0.0,0.0,0.0,0.0,0.0,2.0,0.0
1866808,0.0,0.0,0.0,0.0,0.0,0.0,0.0
1867367,0.0,0.0,0.0,0.0,0.0,1.0,0.0
1867867,0.0,0.0,0.0,0.0,0.0,0.0,0.0
1868066,0.0,0.0,0.0,0.0,0.0,1.0,0.0
1868566,0.0,0.0,0.0,0.0,0.0,0.0,0.0
1869301,0.0,0.0,0.0,0.0,0.0,1.0,0.0
1869801,0.0,0.0,0.0,0.0,0.0,0.0,0.0
1870475,0.0,0.0,0.0,0.0,0.0,1.0,0.0
1870975,0.0,0.0,0.0,0.0,0.0,0.0,0.0
1871061,0.0,0.0,0.0,0.0,0.0,1.0,0.0
1871236,0.0,0.0,0.0,0.0,0.0,2.0,0.0
1871736,0.0,0.0,0.0,0.0,0.0,0.0,0.0
1872028,0.0,0.0,0.0,0.0,0.0,1.0,0.0
1872226,0.0,0.0,0.0,0.0,0.0,2.0,0.0
1872726,0.0,0.0,0.0,0.0,0.0,0.0,0.0
1873080,0.0,0.0,0.0,0.0,0.0,1.0,0.0
1873122,0.0,0.0,0.0,0.0,0.0,2.0,0.0
1873622,0.0,0.0,0.0,0.0,0.0,0.0,0.0
1873739,0.0,0.0,0.0,0.0,0.0,1.0,0.0
1873845,0.0,0.0,0.0,0.0,0.0,2.0,0.0
1873847,0.0,2.0,0.0,0.0,0.0,2.0,0.0
1874345,0.0,2.0,0.0,0.0,0.0,0.0,0.0
1874347,0.0,0.0,0.0,0.0,0.0,0.0,0.0
1874534,0.0,0.0,0.0,0.0,0.0,1.0,0.0
1874538,0.0,0.0,0.0,0.0,0.0,2.0,0.0
1875038,0.0,0.0,0.0,0.0,0.0,0.0,0.0
1876580,0.0,0.0,0.0,0.0,0.0,1.0,0.0
1877080,0.0,0.0,0.0,0.0,0.0,0.0,0.0
1878131,0.0,0.0,0.0,0.0,0.0,1.0,0.0
1878494,0.0,0.0,0.0,0.0,0.0,2.0,0.0
1878994,0.0,0.0,0.0,0.0,0.0,0.0,0.0
1879129,0.0,0.0,0.0,0.0,0.0,1.0,0.0
1879348,0.0,0.0,0.0,0.0,0.0,2.0,0.0
1879848,0.0,0.0,0.0,0.0,0.0,0.0,0.0
1881222,0.0,0.0,0.0,0.0,0.0,1.0,0.0
1881698,0.0,0.0,0.0,0.0,0.0,2.0,0.0
1882198,0.0,0.0,0.0,0.0,0.0,0.0,0.0
1882932,0.0,0.0,0.0,0.0,0.0,1.0,0.0
1883432,0.0,0.0,0.0,0.0,0.0,0.0,0.0
1883528,0.0,0.0,0.0,0.0,0.0,1.0,0.0
1884028,0.0,0.0,0.0,0.0,0.0,0.0,0.0
1885818,0.0,0.0,0.0,0.0,0.0,1.0,0.0
1886318,0.0,0.0,0.0,0.0,0.0,0.0,0.0
1886367,0.0,0.0,0.0,0.0,0.0,1.0,0.0
1886867,0.0,0.0,0.0,0.0,0.0,0.0,0.0
1887267,0.0,0.0,0.0,0.0,0.0,1.0,0.0
1887480,0.0,0.0,0.0,0.0,0.0,2.0,0.0
1887980,0.0,0.0,0.0,0.0,0.0,0.0,0.0
1888885,0.0,0.0,0.0,0.0,0.0,1.0,0.0
1888896,0.0,0.0,0.0,0.0,0.0,2.0,0.0
1889396,0.0,0.0,0.0,0.0,0.0,0.0,0.0
1890446,0.0,0.0,0.0,0.0,0.0,1.0,0.0
1890448,0.0,0.0,0.0,0.0,0.0,2.0,0.0
1890948,0.0,0.0,0.0,0.0,0.0,0.0,0.0
1891175,0.0,0.0,0.0,0.0,0.0,1.0,0.0
1891178,0.0,0.0,0.0,0.0,0.0,2.0,0.0
1891678,0.0,0.0,0.0,0.0,0.0,0.0,0.0
1892901,0.0,0.0,0.0,0.0,0.0,1.0,0.0
1893401,0.0,0.0,0.0,0.0,0.0,0.0,0.0
1893560,0.0,0.0,0.0,0.0,0.0,1.0,0.0
1893562,0.0,0.0,0.0,0.0,0.0,2.0,0.0
1894062,0.0,0.0,0.0,0.0,0.0,0.0,0.0
1894441,0.0,0.0,0.0,0.0,1.0,1.0,0.0
1894941,0.0,0.0,0.0,0.0,0.0,0.0,0.0
1895051,0.0,0.0,0.0,0.0,0.0,1.0,0.0
1895551,0.0,0.0,0.0,0.0,0.0,0.0,0.0
1895658,0.0,0.0,0.0,0.0,0.0,1.0,0.0
1895661,0.0,0.0,0.0,0.0,0.0,2.0,0.0
1896161,0.0,0.0,0.0,0.0,0.0,0.0,0.0
1896413,0.0,0.0,0.0,0.0,0.0,1.0,0.0
1896913,0.0,0.0,0.0,0.0,0.0,0.0,0.0
1897396,0.0,0.0,0.0,0.0,0.0,1.0,0.0
1898396,0.0,0.0,0.0,0.0,0.0,0.0,0.0
1898814,0.0,0.0,0.0,0.0,0.0,1.0,0.0
1899314,0.0,0.0,0.0,0.0,0.0,0.0,0.0
1899364,0.0,0.0,0.0,0.0,0.0,1.0,0.0
1899864,0.0,0.0,0.0,0.0,0.0,0.0,0.0
1900131,0.0,0.0,0.0,0.0,0.0,1.0,0.0
1900631,0.0,0.0,0.0,0.0,0.0,0.0,0.0
1902632,0.0,0.0,0.0,0.0,0.0,1.0,0.0
1903132,0.0,0.0,0.0,0.0,0.0,0.0,0.0
1904043,0.0,0.0,0.0,0.0,0.0,1.0,0.0
1904450,0.0,0.0,0.0,0.0,0.0,2.0,0.0
1904950,0.0,0.0,0.0,0.0,0.0,0.0,0.0
1905125,0.0,0.0,0.0,0.0,0.0,1.0,0.0
1905625,0.0,0.0,0.0,0.0,0.0,0.0,0.0
1905877,0.0,0.0,0.0,0.0,0.0,1.0,0.0
1906377,0.0,0.0,0.0,0.0,0.0,0.0,0.0
1906991,0.0,0.0,0.0,0.0,0.0,1.0,0.0
1907164,0.0,0.0,0.0,0.0,0.0,2.0,0.0
1907664,0.0,0.0,0.0,0.0,0.0,0.0,0.0
1907784,0.0,0.0,0.0,0.0,0.0,1.0,0.0
1908284,0.0,0.0,0.0,0.0,0.0,0.0,0.0
1908346,0.0,0.0,0.0,0.0,0.0,1.0,0.0
1908846,0.0,0.0,0.0,0.0,0.0,0.0,0.0
1909471,0.0,0.0,0.0,0.0,0.0,1.0,0.0
1909971,0.0,0.0,0.0,0.0,0.0,0.0,0.0
1910037,0.0,0.0,0.0,0.0,0.0,1.0,0.0
1910537,0.0,0.0,0.0,0.0,0.0,0.0,0.0
1910897,0.0,0.0,0.0,0.0,0.0,1.0,0.0
1910918,0.0,0.0,0.0,0.0,0.0,2.0,0.0
1911418,0.0,0.0,0.0,0.0,0.0,0.0,0.0
1911456,0.0,0.0,0.0,0.0,0.0,1.0,0.0
1911637,0.0,0.0,0.0,0.0,0.0,2.0,0.0
1912137,0.0,0.0,0.0,0.0,0.0,0.0,0.0
1912172,0.0,0.0,0.0,0.0,0.0,1.0,0.0
1912672,0.0,0.0,0.0,0.0,0.0,0.0,0.0
1914479,0.0,0.0,0.0,0.0,0.0,1.0,0.0
1914979,0.0,0.0,0.0,0.0,0.0,0.0,0.0
1915515,0.0,0.0,0.0,0.0,0.0,1.0,0.0
1915517,0.0,0.0,0.0,0.0,0.0,2.0,0.0
1916017,0.0,0.0,0.0,0.0,0.0,0.0,0.0
1916228,0.0,0.0,0.0,0.0,0.0,1.0,0.0
1916240,0.0,0.0,0.0,0.0,0.0,2.0,0.0
1916740,0.0,0.0,0.0,0.0,0.0,0.0,0.0
1916978,0.0,0.0,0.0,0.0,0.0,1.0,0.0
1917478,0.0,0.0,0.0,0.0,0.0,0.0,0.0
1917492,0.0,0.0,0.0,0.0,0.0,1.0,0.0
1917992,0.0,0.0,0.0,0.0,0.0,0.0,0.0
1919237,0.0,0.0,0.0,0.0,0.0,1.0,0.0
1919239,0.0,0.0,0.0,0.0,1.0,2.0,0.0
1919739,0.0,0.0,0.0,0.0,0.0,0.0,0.0
1919807,0.0,0.0,0.0,0.0,0.0,1.0,0.0
1919817,0.0,0.0,0.0,0.0,0.0,2.0,0.0
1919896,0.0,0.0,0.0,0.0,1.0,2.0,0.0
1920317,0.0,0.0,0.0,0.0,1.0,0.0,0.0
1920396,0.0,0.0,0.0,0.0,0.0,0.0,0.0
1923273,0.0,0.0,0.0,0.0,0.0,1.0,0.0
1923773,0.0,0.0,0.0,0.0,0.0,0.0,0.0
1923998,0.0,0.0,0.0,0.0,0.0,1.0,0.0
1924498,0.0,0.0,0.0,0.0,0.0,0.0,0.0
1928594,0.0,0.0,0.0,0.0,0.0,1.0,0.0
1929094,0.0,0.0,0.0,0.0,0.0,0.0,0.0
1929892,0.0,0.0,0.0,0.0,0.0,1.0,0.0
1930392,0.0,0.0,0.0,0.0,0.0,0.0,0.0
1932715,0.0,0.0,0.0,0.0,0.0,1.0,0.0
1933215,0.0,0.0,0.0,0.0,0.0,0.0,0.0
1933246,0.0,0.0,0.0,0.0,0.0,1.0,0.0
1933746,0.0,0.0,0.0,0.0,0.0,0.0,0.0
1934381,0.0,0.0,0.0,0.0,0.0,1.0,0.0
1934847,0.0,0.0,0.0,0.0,0.0,2.0,0.0
1935347,0.0,0.0,0.0,0.0,0.0,0.0,0.0
1938271,0.0,0.0,0.0,0.0,0.0,1.0,0.0
1938771,0.0,0.0,0.0,0.0,0.0,0.0,0.0
1939375,0.0,0.0,0.0,0.0,0.0,1.0,0.0
1939875,0.0,0.0,0.0,0.0,0.0,0.0,0.0
1945061,0.0,0.0,0.0,0.0,0.0,1.0,0.0
1945561,0.0,0.0,0.0,0.0,0.0,0.0,0.0
1946787,0.0,0.0,0.0,0.0,0.0,1.0,0.0
1947287,0.0,0.0,0.0,0.0,0.0,0.0,0.0
1950233,0.0,0.0,0.0,0.0,0.0,1.0,0.0
1950733,0.0,0.0,0.0,0.0,0.0,0.0,0.0
1952773,0.0,0.0,0.0,0.0,0.0,1.0,0.0
1952782,0.0,0.0,0.0,0.0,0.0,2.0,0.0
1953282,0.0,0.0,0.0,0.0,0.0,0.0,0.0
1962338,0.0,0.0,0.0,0.0,0.0,1.0,0.0
1962838,0.0,0.0,0.0,0.0,0.0,0.0,0.0
1964158,0.0,0.0,0.0,0.0,0.0,1.0,0.0
1964658,0.0,0.0,0.0,0.0,0.0,0.0,0.0
1964980,0.0,0.0,0.0,0.0,0.0,1.0,0.0
1965480,0.0,0.0,0.0,0.0,0.0,0.0,0.0
1968875,0.0,0.0,0.0,0.0,0.0,1.0,0.0
1968876,0.0,0.0,0.0,0.0,0.0,2.0,0.0
1969376,0.0,0.0,0.0,0.0,0.0,0.0,0.0
1970885,0.0,0.0,0.0,0.0,1.0,0.0,0.0
1970887,0.0,0.0,0.0,0.0,2.0,0.0,0.0
1971387,0.0,0.0,0.0,0.0,0.0,0.0,0.0
1973170,0.0,0.0,0.0,0.0,0.0,1.0,0.0
1973171,0.0,0.0,0.0,0.0,0.0,2.0,0.0
1973671,0.0,0.0,0.0,0.0,0.0,0.0,0.0
1975437,0.0,0.0,0.0,0.0,0.0,1.0,0.0
1975937,0.0,0.0,0.0,0.0,0.0,0.0,0.0
1977449,0.0,0.0,0.0,0.0,0.0,1.0,0.0
1977949,0.0,0.0,0.0,0.0,0.0,0.0,0.0
1981895,0.0,0.0,0.0,0.0,0.0,1.0,0.0
1982395,0.0,0.0,0.0,0.0,0.0,0.0,0.0
1988651,0.0,0.0,0.0,0.0,0.0,1.0,0.0
1988653,0.0,0.0,0.0,0.0,0.0,2.0,0.0
1989153,0.0,0.0,0.0,0.0,0.0,0.0,0.0
1991388,0.0,0.0,0.0,0.0,0.0,1.0,0.0
1991888,0.0,0.0,0.0,0.0,0.0,0.0,0.0
1993708,0.0,0.0,0.0,0.0,0.0,1.0,0.0
1994208,0.0,0.0,0.0,0.0,0.0,0.0,0.0
1997245,0.0,0.0,0.0,0.0,0.0,1.0,0.0
1997745,0.0,0.0,0.0,0.0,0.0,0.0,0.0
1999125,0.0,0.0,0.0,0.0,0.0,1.0,0.0
1999625,0.0,0.0,0.0,0.0,0.0,0.0,0.0
2003686,0.0,0.0,0.0,0.0,0.0,1.0,0.0
2004186,0.0,0.0,0.0,0.0,0.0,0.0,0.0
2005172,0.0,0.0,0.0,0.0,0.0,1.0,0.0
2005672,0.0,0.0,0.0,0.0,0.0,0.0,0.0
2006839,0.0,0.0,0.0,0.0,1.0,1.0,0.0
2006840,0.0,0.0,0.0,0.0,2.0,1.0,0.0
2007339,0.0,0.0,0.0,0.0,2.0,0.0,0.0
2007340,0.0,0.0,0.0,0.0,0.0,0.0,0.0
2009237,0.0,0.0,0.0,0.0,0.0,1.0,0.0
2009737,0.0,0.0,0.0,0.0,0.0,0.0,0.0
2010851,0.0,0.0,0.0,0.0,0.0,1.0,0.0
2010852,0.0,0.0,0.0,0.0,0.0,2.0,0.0
2011352,0.0,0.0,0.0,0.0,0.0,0.0,0.0
2013456,0.0,0.0,0.0,0.0,1.0,0.0,0.0
2013540,0.0,0.0,0.0,0.0,1.0,1.0,0.0
2013956,0.0,0.0,0.0,0.0,0.0,1.0,0.0
2014040,0.0,0.0,0.0,0.0,0.0,0.0,0.0
2014814,0.0,0.0,0.0,0.0,0.0,1.0,0.0
2015314,0.0,0.0,0.0,0.0,0.0,0.0,0.0
2015674,0.0,0.0,0.0,0.0,0.0,1.0,0.0
2016174,0.0,0.0,0.0,0.0,0.0,0.0,0.0
2017242,0.0,0.0,0.0,0.0,0.0,1.0,0.0
2017742,0.0,0.0,0.0,0.0,0.0,0.0,0.0
2017836,0.0,0.0,0.0,0.0,0.0,1.0,0.0
2018336,0.0,0.0,0.0,0.0,0.0,0.0,0.0
2018798,0.0,0.0,0.0,0.0,0.0,1.0,0.0
2019000,0.0,0.0,0.0,0.0,0.0,1.0,1.0
2019298,0.0,0.0,0.0,0.0,0.0,0.0,1.0
2019500,0.0,0.0,0.0,0.0,0.0,0.0,0.0
2019603,0.0,0.0,0.0,0.0,0.0,1.0,0.0
2019909,0.0,0.0,0.0,0.0,0.0,2.0,0.0
2020063,2.0,0.0,0.0,0.0,0.0,2.0,0.0
2020205,2.0,0.0,0.0,0.0,1.0,2.0,0.0
2020409,2.0,0.0,0.0,0.0,1.0,0.0,0.0
2020495,2.0,0.0,0.0,0.0,2.0,0.0,0.0
